389,19
390,391
391,652
392,17
393,459
394,613
395,18
396,581
397,545
398,18
399,585
400,480
401,19
402,660
403,385
404,20
405,660
406,320
407,22
408,660
409,260
410,21
411,660
412,175
413,29
414,659
415,114
416,88
417,660
418,67
419,145
420,660
421,31
422,229
423,660
424,23
425,293
426,661
427,21
428,320
429,660
430,22
431,390
432,650
433,16
434,503
435,600
436,17
437,545
438,531
439,17
440,651
441,438
442,19
443,660
444,391
445,19
446,661
447,278
448,21
449,659
450,238
451,21
452,660
453,173
454,21
455,661
456,99
457,100
458,660
459,36
460,124
461,660
462,30
463,221
464,661
465,21
466,281
467,661
468,22
469,396
470,659
471,19
472,422
473,622
474,19
475,481
476,557
477,17
478,566
479,501
480,18
481,660
482,416
483,18
484,660
485,370
486,19
487,660
488,266
489,20
490,659
491,183
492,23
493,660
494,110
495,38
496,660
497,79
498,96
499,660
500,31
501,140
502,660
503,28
504,261
505,660
506,25
507,314
508,660
509,19
510,381
511,652
512,19
513,472
514,598
515,19
516,546
517,562
518,17
519,654
520,502
521,17
522,660
523,431
524,18
525,660
526,309
527,19
528,660
529,267
530,22
531,660
532,163
533,33
534,659
535,101
536,83
537,658
538,73
539,99
540,660
541,32
542,198
543,660
544,32
545,268
546,660
547,20
548,352
549,660
550,20
551,434
552,646
553,18
554,521
555,569
556,17
557,614
558,572
559,16
560,640
561,483
562,20
563,659
564,381
565,19
566,660
567,283
568,21
569,661
570,235
571,21
572,661
573,149
574,27
575,661
576,63
577,98
578,659
579,74
580,158
581,660
582,27
583,203
584,661
585,24
586,305
587,660
588,22
589,344
590,661
591,18
592,459
593,617
594,19
595,491
596,576
597,18
598,577
599,473
600,18
601,660
602,423
603,17
604,660
605,322
606,20
607,660
608,261
609,21
610,660
611,196
612,24
613,661
614,127
615,51
616,661
617,84
618,82
619,660
620,41
621,157
622,660
623,27
624,208
625,660
626,24
627,286
628,659
629,19
630,365
631,660
632,17
633,461
634,596
635,17
636,568
637,569
638,18
639,628
640,485
641,19
642,660
643,383
644,20
645,660
646,329
647,20
648,660
649,244
650,21
651,660
652,171
653,29
654,661
655,119
656,61
657,660
658,46
659,129
660,660
661,35
662,166
663,660
664,24
665,260
666,660
667,22
668,318
669,661
670,18
671,427
672,658
673,17
674,476
675,601
676,18
677,536
678,515
679,18
680,659
681,469
682,18
683,660
684,355
685,20
686,660
687,291
688,21
689,660
690,263
691,19
692,660
693,146
694,32
695,660
696,93
697,62
698,660
699,47
700,146
701,661
702,33
703,173
704,660
705,24
706,251
707,660
708,19
709,339
710,659
711,21
712,426
713,629
714,19
715,493
716,600
717,18
718,608
719,492
720,15
721,660
722,445
723,20
724,660
725,313
726,19
727,660
728,306
729,20
730,660
731,119
732,23
733,659
734,167
735,44
736,660
737,61
738,128
739,660
740,60
741,178
742,660
743,21
744,206
745,660
746,22
747,339
748,660
749,20
750,370
751,660
752,20
753,465
754,582
755,17
756,544
757,544
758,18
759,651
760,476
761,19
762,660
763,438
764,20
765,660
766,311
767,19
768,659
769,241
770,20
771,660
772,169
773,24
774,660
775,165
776,52
777,659
778,32
779,113
780,660
781,29
782,184
783,660
784,23
785,286
786,659
787,21
788,316
789,659
790,17
791,405
792,639
793,19
794,454
795,596
796,18
797,535
798,513
799,20
800,628
801,448
802,18
803,661
804,399
805,20
806,660
807,303
808,20
809,661
810,236
811,25
812,659
813,149
814,47
815,660
816,70
817,63
818,659
819,50
820,155
821,660
822,33
823,195
824,659
825,20
826,276
827,659
828,20
829,356
830,659
831,19
832,417
833,641
834,21
835,519
836,597
837,17
838,606
839,488
840,17
841,660
842,437
843,18
844,660
845,379
846,20
847,660
848,237
849,20
850,660
851,200
852,24
853,660
854,113
855,45
856,661
857,69
858,84
859,659
860,39
861,175
862,659
863,29
864,232
865,660
866,22
867,335
868,660
869,22
870,354
871,659
872,20
873,450
874,618
875,18
876,539
877,509
878,18
879,647
880,477
881,17
882,660
883,417
884,20
885,661
886,310
887,20
888,661
889,264
890,21
891,661
892,186
893,23
894,661
895,117
896,84
897,660
898,57
899,117
900,660
901,33
902,193
903,660
904,26
905,223
906,660
907,21
908,347
909,659
910,21
911,346
912,639
913,19
914,447
915,609
916,18
917,561
918,503
919,20
920,660
921,456
922,18
923,660
924,370
925,18
926,661
927,329
928,20
929,660
930,248
931,21
932,659
933,165
934,25
935,660
936,114
937,84
938,661
939,62
940,142
941,661
942,37
943,209
944,660
945,25
946,277
947,660
948,20
949,340
950,658
951,20
952,408
953,626
954,19
955,505
956,592
957,17
958,574
959,516
960,18
961,660
962,458
963,18
964,659
965,360
966,18
967,661
968,270
969,21
970,660
971,216
972,25
973,660
974,132
975,47
976,661
977,97
978,127
979,659
980,42
981,151
982,660
983,28
984,251
985,660
986,21
987,224
988,659
989,24
990,354
991,657
992,19
993,455
994,623
995,19
996,546
997,564
998,17
999,551
1000,479
1001,19
1002,660
1003,403
1004,19
1005,660
1006,358
1007,20
1008,661
1009,209
1010,24
1011,660
1012,148
1013,23
1014,660
1015,156
1016,50
1017,660
1018,89
1019,152
1020,660
1021,34
1022,178
1023,660
1024,28
1025,240
1026,660
1027,21
1028,347
1029,660
1030,19
1031,407
1032,654
1033,20
1034,464
1035,606
1036,17
1037,550
1038,511
1039,20
1040,659
1041,465
1042,17
1043,660
1044,423
1045,19
1046,660
1047,296
1048,18
1049,660
1050,255
1051,28
1052,660
1053,151
1054,24
1055,660
1056,103
1057,76
1058,660
1059,46
1060,126
1061,659
1062,25
1063,265
1064,660
1065,20
1066,290
1067,660
1068,21
1069,375
1070,660
1071,20
1072,412
1073,610
1074,19
1075,521
1076,580
1077,18
1078,599
1079,502
1080,19
1081,659
1082,471
1083,18
1084,660
1085,352
1086,20
1087,661
1088,281
1089,20
1090,660
1091,249
1092,22
1093,659
1094,119
1095,44
1096,659
1097,98
1098,102
1099,660
1100,45
1101,159
1102,660
1103,32
1104,210
1105,660
1106,23
1107,278
1108,661
1109,17
1110,401
1111,660
1112,19
1113,433
1114,619
1115,18
1116,535
1117,516
1118,19
1119,619
1120,454
1121,18
1122,660
1123,421
1124,18
1125,660
1126,335
1127,20
1128,661
1129,285
1130,21
1131,659
1132,167
1133,21
1134,660
1135,98
1136,44
1137,661
1138,67
1139,148
1140,660
1141,40
1142,185
1143,660
1144,22
1145,276
1146,661
1147,21
1148,308
1149,655
1150,19
1151,419
1152,659
1153,19
1154,492
1155,589
1156,17
1157,607
1158,507
1159,19
1160,659
1161,491
1162,19
1163,660
1164,395
1165,19
1166,661
1167,297
1168,19
1169,661
1170,184
1171,26
1172,660
1173,195
1174,22
1175,660
1176,94
1177,84
1178,661
1179,56
1180,144
1181,660
1182,27
1183,189
1184,660
1185,25
1186,301
1187,660
1188,21
1189,373
1190,659
1191,19
1192,421
1193,639
1194,17
1195,510
1196,573
1197,18
1198,592
1199,496
1200,18
1201,658
1202,459
1203,20
1204,660
1205,372
1206,18
1207,660
1208,279
1209,19
1210,659
1211,187
1212,22
1213,660
1214,136
1215,47
1216,660
1217,115
1218,105
1219,659
1220,36
1221,180
1222,659
1223,26
1224,229
1225,660
1226,24
1227,298
1228,660
1229,20
1230,368
1231,637
1232,19
1233,454
1234,639
1235,17
1236,578
1237,531
1238,17
1239,658
1240,499
1241,18
1242,660
1243,393
1244,20
1245,660
1246,358
1247,19
1248,660
1249,248
1250,20
1251,660
1252,208
1253,31
1254,660
1255,93
1256,37
1257,660
1258,49
1259,121
1260,660
1261,42
1262,170
1263,660
1264,24
1265,265
1266,660
1267,21
1268,326
1269,661
1270,19
1271,436
1272,642
1273,18
1274,435
1275,630
1276,18
1277,539
1278,525
1279,17
1280,626
1281,429
1282,18
1283,660
1284,337
1285,19
1286,660
1287,301
1288,20
1289,660
1290,248
1291,21
1292,660
1293,150
1294,51
1295,659
1296,82
1297,98
1298,660
1299,43
1300,155
1301,660
1302,27
1303,197
1304,660
1305,24
1306,279
1307,660
1308,19
1309,363
1310,658
1311,20
1312,461
1313,653
1314,18
1315,517
1316,551
1317,17
1318,618
1319,504
1320,18
1321,610
1322,437
1323,18
1324,659
1325,353
1326,17
1327,660
1328,245
1329,21
1330,660
1331,202
1332,23
1333,659
1334,149
1335,66
1336,660
1337,82
1338,122
1339,660
1340,33
1341,164
1342,660
1343,26
1344,257
1345,660
1346,23
1347,317
1348,661
1349,22
1350,371
1351,659
1352,18
1353,460
1354,607
1355,17
1356,512
1357,545
1358,18
1359,612
1360,491
1361,19
1362,660
1363,417
1364,19
1365,660
1366,310
1367,20
1368,661
1369,255
1370,20
1371,660
1372,184
1373,23
1374,660
1375,106
1376,78
1377,659
1378,51
1379,126
1380,660
1381,32
1382,192
1383,660
1384,30
1385,245
1386,660
1387,21
1388,319
1389,660
1390,21
1391,390
1392,655
1393,18
1394,480
1395,607
1396,17
1397,568
1398,538
1399,16
1400,574
1401,469
1402,19
1403,661
1404,376
1405,21
1406,660
1407,332
1408,20
1409,660
1410,261
1411,20
1412,661
1413,158
1414,25
1415,660
1416,87
1417,88
1418,660
1419,49
1420,145
1421,660
1422,37
1423,234
1424,660
1425,21
1426,267
1427,660
1428,20
1429,358
1430,660
1431,18
1432,425
1433,649
1434,18
1435,517
1436,586
1437,18
1438,579
1439,508
1440,19
1441,660
1442,485
1443,19
1444,659
1445,386
1446,19
1447,661
1448,269
1449,22
1450,660
1451,203
1452,23
1453,659
1454,118
1455,38
1456,660
1457,73
1458,118
1459,660
1460,40
1461,194
1462,660
1463,27
1464,225
1465,660
1466,23
1467,288
1468,659
1469,20
1470,392
1471,653
1472,18
1473,446
1474,594
1475,19
1476,498
1477,560
1478,16
1479,615
1480,531
1481,18
1482,659
1483,409
1484,18
1485,660
1486,341
1487,18
1488,659
1489,236
1490,21
1491,660
1492,166
1493,29
1494,660
1495,110
1496,51
1497,660
1498,41
1499,107
1500,660
1501,34
1502,197
1503,660
1504,24
1505,241
1506,661
1507,22
1508,362
1509,660
1510,18
1511,385
1512,658
1513,20
1514,452
1515,593
1516,17
1517,553
1518,536
1519,19
1520,661
1521,448
1522,18
1523,659
1524,423
1525,19
1526,660
1527,300
1528,20
1529,661
1530,261
1531,22
1532,660
1533,139
1534,29
1535,660
1536,99
1537,102
1538,660
1539,55
1540,139
1541,659
1542,27
1543,207
1544,660
1545,32
1546,284
1547,660
1548,22
1549,357
1550,654
1551,19
1552,419
1553,642
1554,19
1555,474
1556,558
1557,18
1558,609
1559,496
1560,18
1561,653
1562,403
1563,19
1564,659
1565,363
1566,20
1567,660
1568,296
1569,19
1570,660
1571,177
1572,24
1573,660
1574,120
1575,42
1576,660
1577,78
1578,96
1579,660
1580,55
1581,184
1582,660
1583,27
1584,212
1585,660
1586,22
1587,300
1588,660
1589,20
1590,352
1591,658
1592,21
1593,489
1594,606
1595,17
1596,485
1597,576
1598,18
1599,657
1600,481
1601,18
1602,659
1603,440
1604,18
1605,660
1606,341
1607,20
1608,659
1609,263
1610,19
1611,660
1612,199
1613,21
1614,660
1615,154
1616,66
1617,660
1618,48
1619,145
1620,660
1621,35
1622,165
1623,660
1624,24
1625,276
1626,660
1627,21
1628,346
1629,659
1630,20
1631,406
1632,659
1633,17
1634,473
1635,635
1636,18
1637,519
1638,543
1639,20
1640,603
1641,498
1642,17
1643,661
1644,374
1645,18
1646,660
1647,335
1648,20
1649,659
1650,224
1651,22
1652,660
1653,185
1654,32
1655,660
1656,88
1657,80
1658,661
1659,70
1660,147
1661,660
1662,32
1663,199
1664,660
1665,23
1666,274
1667,660
1668,21
1669,327
1670,659
1671,20
1672,433
1673,656
1674,18
1675,499
1676,607
1677,20
1678,570
1679,488
1680,16
1681,661
1682,449
1683,18
1684,660
1685,348
1686,19
1687,660
1688,346
1689,20
1690,660
1691,207
1692,21
1693,660
1694,138
1695,64
1696,660
1697,65
1698,63
1699,659
1700,42
1701,188
1702,661
1703,29
1704,209
1705,660
1706,20
1707,337
1708,659
1709,18
1710,381
1711,658
1712,18
1713,467
1714,590
1715,19
1716,531
1717,549
1718,18
1719,557
1720,504
1721,18
1722,660
1723,400
1724,20
1725,661
1726,334
1727,19
1728,660
1729,295
1730,22
1731,659
1732,163
1733,22
1734,661
1735,128
1736,78
1737,659
1738,58
1739,126
1740,660
1741,39
1742,157
1743,661
1744,23
1745,266
1746,660
1747,23
1748,359
1749,660
1750,19
1751,400
1752,659
1753,19
1754,456
1755,588
1756,17
1757,533
1758,558
1759,18
1760,604
1761,468
1762,19
1763,660
1764,391
1765,20
1766,660
1767,294
1768,21
1769,660
1770,233
1771,21
1772,660
1773,179
1774,30
1775,660
1776,108
1777,70
1778,660
1779,40
1780,151
1781,660
1782,26
1783,189
1784,660
1785,25
1786,315
1787,660
1788,20
1789,326
1790,659
1791,20
1792,389
1793,643
1794,18
1795,502
1796,584
1797,19
1798,624
1799,522
1800,18
1801,650
1802,458
1803,17
1804,660
1805,376
1806,17
1807,661
1808,293
1809,24
1810,661
1811,208
1812,20
1813,660
1814,136
1815,94
1816,660
1817,113
1818,64
1819,660
1820,38
1821,179
1822,659
1823,24
1824,190
1825,660
1826,22
1827,322
1828,661
1829,19
1830,331
1831,658
1832,18
1833,463
1834,636
1835,17
1836,491
1837,549
1838,18
1839,623
1840,511
1841,17
1842,660
1843,391
1844,18
1845,659
1846,360
1847,19
1848,660
1849,236
1850,21
1851,660
1852,209
1853,23
1854,661
1855,126
1856,45
1857,659
1858,66
1859,109
1860,659
1861,31
1862,214
1863,660
1864,23
1865,227
1866,660
1867,20
1868,322
1869,660
1870,19
1871,373
1872,654
1873,19
1874,473
1875,582
1876,18
1877,519
1878,511
1879,18
1880,659
1881,495
1882,16
1883,659
1884,395
1885,19
1886,659
1887,302
1888,20
1889,660
1890,210
1891,21
1892,659
1893,178
1894,24
1895,660
1896,79
1897,71
1898,659
1899,68
1900,115
1901,660
1902,26
1903,190
1904,660
1905,26
1906,264
1907,659
1908,21
1909,353
1910,660
1911,20
1912,405
1913,635
1914,18
1915,493
1916,542
1917,20
1918,605
1919,511
1920,17
1921,660
1922,443
1923,18
1924,661
1925,374
1926,20
1927,661
1928,329
1929,20
1930,661
1931,242
1932,26
1933,660
1934,127
1935,42
1936,661
1937,87
1938,95
1939,660
1940,54
1941,142
1942,660
1943,32
1944,203
1945,660
1946,22
1947,300
1948,660
1949,20
1950,362
1951,659
1952,20
1953,453
1954,631
1955,18
1956,492
1957,558
1958,18
1959,634
1960,483
1961,18
1962,660
1963,383
1964,18
1965,660
1966,340
1967,19
1968,660
1969,253
1970,21
1971,661
1972,219
1973,24
1974,660
1975,102
1976,69
1977,660
1978,47
1979,111
1980,660
1981,37
1982,192
1983,659
1984,25
1985,285
1986,660
1987,20
1988,277
1989,660
1990,20
1991,374
1992,629
1993,22
1994,457
1995,562
1996,19
1997,549
1998,522
1999,20
2000,594
2001,466
2002,20
2003,661
2004,379
2005,19
2006,660
2007,319
2008,20
2009,661
2010,211
2011,21
2012,660
2013,141
2014,35
2015,660
2016,100
2017,52
2018,661
2019,35
2020,146
2021,660
2022,30
2023,163
2024,660
2025,23
2026,274
2027,660
2028,24
2029,367
2030,659
2031,20
2032,419
2033,641
2034,18
2035,469
2036,600
2037,17
2038,559
2039,515
2040,19
2041,659
2042,473
2043,19
2044,660
2045,388
2046,19
2047,660
2048,293
2049,21
2050,659
2051,210
2052,21
2053,659
2054,172
2055,54
2056,659
2057,61
2058,92
2059,660
2060,47
2061,147
2062,660
2063,25
2064,269
2065,660
2066,23
2067,319
2068,660
2069,19
2070,374
2071,657
2072,19
2073,456
2074,602
2075,18
2076,554
2077,585
2078,17
2079,557
2080,474
2081,19
2082,660
2083,435
2084,18
2085,660
2086,318
2087,19
2088,660
2089,246
2090,22
2091,660
2092,165
2093,25
2094,661
2095,104
2096,39
2097,661
2098,82
2099,102
2100,659
2101,43
2102,177
2103,660
2104,25
2105,259
2106,660
2107,23
2108,299
2109,660
2110,19
2111,427
2112,637
2113,20
2114,457
2115,621
2116,19
2117,555
2118,537
2119,18
2120,643
2121,475
2122,18
2123,660
2124,368
2125,19
2126,660
2127,314
2128,22
2129,660
2130,227
2131,23
2132,660
2133,152
2134,50
2135,660
2136,91
2137,83
2138,660
2139,73
2140,127
2141,660
2142,35
2143,193
2144,660
2145,23
2146,261
2147,660
2148,19
2149,369
2150,660
2151,19
2152,390
2153,636
2154,17
2155,478
2156,593
2157,17
2158,525
2159,504
2160,17
2161,660
2162,434
2163,19
2164,660
2165,371
2166,18
2167,660
2168,284
2169,22
2170,660
2171,194
2172,19
2173,661
2174,167
2175,54
2176,660
2177,83
2178,97
2179,660
2180,44
2181,187
2182,660
2183,24
2184,211
2185,660
2186,21
2187,306
2188,660
2189,21
2190,338
2191,660
2192,18
2193,501
2194,593
2195,18
2196,545
2197,541
2198,19
2199,588
2200,523
2201,18
2202,660
2203,397
2204,20
2205,661
2206,329
2207,20
2208,660
2209,280
2210,23
2211,660
2212,225
2213,22
2214,659
2215,142
2216,46
2217,659
2218,68
2219,92
2220,660
2221,26
2222,204
2223,658
2224,25
2225,246
2226,660
2227,20
2228,306
2229,659
2230,21
2231,339
2232,654
2233,18
2234,480
2235,623
2236,18
2237,549
2238,519
2239,18
2240,657
2241,484
2242,19
2243,660
2244,368
2245,19
2246,660
2247,352
2248,19
2249,659
2250,250
2251,21
2252,660
2253,175
2254,31
2255,661
2256,104
2257,67
2258,659
2259,43
2260,146
2261,660
2262,36
2263,215
2264,659
2265,24
2266,266
2267,659
2268,20
2269,324
2270,660
2271,20
2272,404
2273,652
2274,18
2275,513
2276,590
2277,18
2278,595
2279,485
2280,18
2281,659
2282,463
2283,18
2284,660
2285,360
2286,18
2287,659
2288,318
2289,19
2290,659
2291,197
2292,20
2293,661
2294,138
2295,47
2296,660
2297,90
2298,74
2299,660
2300,43
2301,145
2302,660
2303,30
2304,198
2305,659
2306,24
2307,282
2308,661
2309,19
2310,386
2311,659
2312,19
2313,441
2314,622
2315,17
2316,509
2317,534
2318,18
2319,635
2320,516
2321,20
2322,659
2323,432
2324,18
2325,660
2326,310
2327,19
2328,660
2329,274
2330,20
2331,660
2332,177
2333,31
2334,660
2335,135
2336,52
2337,660
2338,71
2339,94
2340,660
2341,34
2342,161
2343,659
2344,26
2345,251
2346,660
2347,21
2348,330
2349,660
2350,22
2351,393
2352,651
2353,18
2354,448
2355,612
2356,17
2357,493
2358,548
2359,18
2360,638
2361,470
2362,20
2363,660
2364,403
2365,18
2366,659
2367,329
2368,20
2369,660
2370,206
2371,23
2372,659
2373,203
2374,24
2375,660
2376,97
2377,73
2378,660
2379,51
2380,116
2381,659
2382,32
2383,224
2384,660
2385,23
2386,253
2387,660
2388,19
2389,330
2390,661
2391,18
2392,418
2393,607
2394,19
2395,508
2396,604
2397,18
2398,577
2399,490
2400,17
2401,660
2402,479
2403,19
2404,660
2405,402
2406,19
2407,660
2408,329
2409,19
2410,660
2411,174
2412,25
2413,660
2414,126
2415,38
2416,660
2417,80
2418,76
2419,661
2420,79
2421,159
2422,660
2423,27
2424,177
2425,661
2426,21
2427,314
2428,660
2429,20
2430,328
2431,660
2432,20
2433,449
2434,639
2435,17
2436,501
2437,543
2438,18
2439,638
2440,490
2441,18
2442,659
2443,435
2444,20
2445,660
2446,323
2447,21
2448,660
2449,266
2450,21
2451,660
2452,201
2453,22
2454,660
2455,147
2456,76
2457,659
2458,78
2459,90
2460,660
2461,41
2462,178
2463,661
2464,24
2465,228
2466,660
2467,20
2468,360
2469,660
2470,20
2471,395
2472,659
2473,18
2474,446
2475,587
2476,18
2477,505
2478,572
2479,17
2480,640
2481,498
2482,19
2483,660
2484,395
2485,20
2486,661
2487,313
2488,20
2489,660
2490,224
2491,20
2492,660
2493,168
2494,30
2495,660
2496,89
2497,56
2498,660
2499,47
2500,133
2501,660
2502,33
2503,152
2504,660
2505,26
2506,259
2507,660
2508,20
2509,348
2510,660
2511,18
2512,415
2513,644
2514,17
2515,463
2516,619
2517,18
2518,591
2519,507
2520,18
2521,615
2522,481
2523,19
2524,660
2525,367
2526,18
2527,660
2528,305
2529,22
2530,660
2531,169
2532,21
2533,660
2534,130
2535,40
2536,661
2537,66
2538,86
2539,660
2540,55
2541,167
2542,660
2543,31
2544,211
2545,660
2546,24
2547,303
2548,660
2549,20
2550,354
2551,660
2552,17
2553,487
2554,607
2555,18
2556,582
2557,559
2558,17
2559,619
2560,449
2561,17
2562,659
2563,411
2564,18
2565,659
2566,352
2567,19
2568,660
2569,286
2570,21
2571,660
2572,161
2573,21
2574,660
2575,140
2576,59
2577,661
2578,53
2579,125
2580,661
2581,35
2582,185
2583,660
2584,20
2585,260
2586,659
2587,20
2588,317
2589,660
2590,21
2591,396
2592,634
2593,20
2594,466
2595,615
2596,18
2597,518
2598,531
2599,18
2600,650
2601,485
2602,17
2603,660
2604,391
2605,19
2606,660
2607,292
2608,18
2609,660
2610,247
2611,21
2612,659
2613,162
2614,30
2615,660
2616,116
2617,68
2618,660
2619,40
2620,150
2621,660
2622,45
2623,189
2624,661
2625,24
2626,265
2627,661
2628,22
2629,342
2630,660
2631,18
2632,441
2633,648
2634,18
2635,474
2636,582
2637,17
2638,603
2639,546
2640,19
2641,629
2642,441
2643,18
2644,661
2645,397
2646,18
2647,659
2648,277
2649,19
2650,661
2651,246
2652,23
2653,660
2654,93
2655,25
2656,661
2657,91
2658,93
2659,659
2660,40
2661,193
2662,661
2663,36
2664,235
2665,659
2666,21
2667,288
2668,660
2669,20
2670,351
2671,658
2672,19
2673,413
2674,645
2675,18
2676,531
2677,546
2678,18
2679,641
2680,486
2681,18
2682,660
2683,407
2684,18
2685,660
2686,403
2687,20
2688,660
2689,281
2690,21
2691,660
2692,190
2693,23
2694,660
2695,124
2696,70
2697,659
2698,65
2699,126
2700,660
2701,31
2702,159
2703,660
2704,29
2705,235
2706,661
2707,21
2708,294
2709,660
2710,21
2711,366
2712,660
2713,20
2714,471
2715,592
2716,18
2717,559
2718,535
2719,17
2720,626
2721,467
2722,18
2723,659
2724,400
2725,19
2726,660
2727,306
2728,22
2729,660
2730,219
2731,20
2732,660
2733,159
2734,39
2735,659
2736,102
2737,76
2738,660
2739,66
2740,120
2741,659
2742,29
2743,206
2744,659
2745,27
2746,327
2747,661
2748,20
2749,325
2750,658
2751,21
2752,447
2753,610
2754,18
2755,468
2756,573
2757,19
2758,602
2759,476
2760,17
2761,660
2762,404
2763,20
2764,660
2765,361
2766,20
2767,660
2768,282
2769,21
2770,660
2771,200
2772,32
2773,661
2774,138
2775,82
2776,660
2777,64
2778,132
2779,659
2780,38
2781,176
2782,660
2783,30
2784,277
2785,660
2786,22
2787,322
2788,659
2789,23
2790,346
2791,660
2792,17
2793,425
2794,595
2795,20
2796,499
2797,546
2798,18
2799,650
2800,457
2801,20
2802,659
2803,378
2804,19
2805,660
2806,342
2807,22
2808,658
2809,250
2810,22
2811,660
2812,240
2813,37
2814,659
2815,63
2816,53
2817,660
2818,73
2819,121
2820,660
2821,40
2822,175
2823,660
2824,38
2825,247
2826,660
2827,21
2828,317
2829,661
2830,21
2831,399
2832,641
2833,19
2834,508
2835,576
2836,19
2837,569
2838,504
2839,18
2840,582
2841,493
2842,19
2843,660
2844,364
2845,18
2846,660
2847,318
2848,22
2849,660
2850,204
2851,23
2852,659
2853,152
2854,47
2855,659
2856,110
2857,59
2858,660
2859,57
2860,127
2861,660
2862,42
2863,189
2864,660
2865,25
2866,250
2867,660
2868,26
2869,333
2870,659
2871,18
2872,440
2873,603
2874,19
2875,488
2876,565
2877,17
2878,555
2879,511
2880,19
2881,659
2882,451
2883,18
2884,660
2885,399
2886,21
2887,660
2888,300
2889,20
2890,659
2891,222
2892,25
2893,660
2894,129
2895,47
2896,659
2897,84
2898,111
2899,660
2900,44
2901,164
2902,659
2903,25
2904,236
2905,659
2906,23
2907,296
2908,660
2909,22
2910,344
2911,649
2912,20
2913,429
2914,613
2915,18
2916,519
2917,564
2918,18
2919,605
2920,502
2921,20
2922,659
2923,414
2924,19
2925,659
2926,317
2927,20
2928,661
2929,290
2930,23
2931,660
2932,202
2933,28
2934,660
2935,98
2936,76
2937,660
2938,66
2939,117
2940,660
2941,53
2942,169
2943,660
2944,26
2945,255
2946,660
2947,22
2948,305
2949,659
2950,19
2951,390
2952,659
2953,19
2954,463
2955,602
2956,17
2957,521
2958,536
2959,19
2960,648
2961,464
2962,17
2963,659
2964,379
2965,19
2966,660
2967,283
2968,21
2969,660
2970,248
2971,31
2972,660
2973,158
2974,27
2975,660
2976,94
2977,74
2978,661
2979,52
2980,106
2981,660
2982,31
2983,228
2984,660
2985,21
2986,237
2987,660
2988,21
2989,375
2990,656
2991,19
2992,445
2993,660
2994,19
2995,493
2996,567
2997,19
2998,516
2999,487
3000,19
3001,658
3002,438
3003,19
3004,660
3005,341
3006,19
3007,660
3008,275
3009,20
3010,659
3011,208
3012,37
3013,660
3014,147
3015,40
3016,660
3017,90
3018,112
3019,660
3020,41
3021,159
3022,660
3023,24
3024,217
3025,660
3026,23
3027,310
3028,660
3029,23
3030,381
3031,661
3032,21
3033,432
3034,612
3035,19
3036,514
3037,551
3038,19
3039,555
3040,464
3041,18
3042,660
3043,407
3044,20
3045,660
3046,303
3047,19
3048,661
3049,269
3050,22
3051,660
3052,215
3053,25
3054,660
3055,159
3056,55
3057,660
3058,49
3059,100
3060,660
3061,44
3062,183
3063,660
3064,28
3065,270
3066,659
3067,21
3068,335
3069,660
3070,19
3071,381
3072,646
3073,20
3074,465
3075,595
3076,20
3077,557
3078,542
3079,19
3080,601
3081,485
3082,20
3083,661
3084,352
3085,18
3086,660
3087,321
3088,20
3089,660
3090,212
3091,27
3092,660
3093,160
3094,21
3095,660
3096,69
3097,112
3098,661
3099,49
3100,122
3101,660
3102,33
3103,223
3104,661
3105,23
3106,277
3107,659
3108,21
3109,308
3110,659
3111,19
3112,420
3113,637
3114,18
3115,490
3116,619
3117,19
3118,539
3119,507
3120,18
3121,638
3122,442
3123,20
3124,661
3125,415
3126,19
3127,660
3128,275
3129,22
3130,660
3131,221
3132,21
3133,660
3134,117
3135,80
3136,660
3137,122
3138,113
3139,660
3140,48
3141,141
3142,660
3143,24
3144,230
3145,660
3146,26
3147,305
3148,659
3149,20
3150,380
3151,650
3152,21
3153,420
3154,621
3155,17
3156,514
3157,569
3158,18
3159,535
3160,532
3161,18
3162,661
3163,413
3164,19
3165,660
3166,331
3167,19
3168,660
3169,248
3170,20
3171,660
3172,201
3173,33
3174,659
3175,101
3176,58
3177,660
3178,69
3179,136
3180,659
3181,30
3182,170
3183,659
3184,29
3185,249
3186,660
3187,23
3188,299
3189,660
3190,20
3191,387
3192,659
3193,18
3194,447
3195,607
3196,17
3197,625
3198,557
3199,17
3200,619
3201,452
3202,17
3203,660
3204,377
3205,19
3206,660
3207,266
3208,21
3209,659
3210,262
3211,27
3212,660
3213,183
3214,28
3215,660
3216,106
3217,63
3218,659
3219,47
3220,151
3221,660
3222,40
3223,219
3224,660
3225,25
3226,296
3227,660
3228,22
3229,338
3230,660
3231,21
3232,393
3233,626
3234,18
3235,519
3236,600
3237,18
3238,559
3239,512
3240,17
3241,659
3242,452
3243,19
3244,660
3245,340
3246,19
3247,660
3248,278
3249,20
3250,658
3251,199
3252,23
3253,660
3254,139
3255,56
3256,660
3257,84
3258,121
3259,660
3260,42
3261,164
3262,660
3263,28
3264,230
3265,660
3266,21
3267,288
3268,660
3269,22
3270,364
3271,659
3272,18
3273,433
3274,614
3275,18
3276,500
3277,564
3278,17
3279,590
3280,468
3281,18
3282,660
3283,365
3284,18
3285,661
3286,345
3287,21
3288,660
3289,250
3290,22
3291,660
3292,196
3293,31
3294,660
3295,116
3296,40
3297,660
3298,98
3299,117
3300,661
3301,38
3302,118
3303,661
3304,32
3305,257
3306,660
3307,22
3308,317
3309,660
3310,20
3311,368
3312,610
3313,17
3314,456
3315,607
3316,19
3317,532
3318,507
3319,18
3320,634
3321,471
3322,19
3323,660
3324,362
3325,18
3326,660
3327,330
3328,19
3329,661
3330,221
3331,23
3332,660
3333,160
3334,41
3335,660
3336,69
3337,50
3338,660
3339,66
3340,129
3341,660
3342,33
3343,171
3344,660
3345,28
3346,317
3347,660
3348,21
3349,346
3350,658
3351,21
3352,417
3353,603
3354,17
3355,494
3356,578
3357,18
3358,621
3359,514
3360,18
3361,641
3362,444
3363,17
3364,660
3365,373
3366,19
3367,660
3368,280
3369,21
3370,660
3371,205
3372,23
3373,659
3374,136
3375,32
3376,660
3377,104
3378,78
3379,659
3380,64
3381,197
3382,659
3383,32
3384,192
3385,660
3386,21
3387,271
3388,660
3389,20
3390,343
3391,654
3392,19
3393,451
3394,643
3395,18
3396,500
3397,567
3398,17
3399,582
3400,498
3401,17
3402,660
3403,415
3404,15
3405,659
3406,338
3407,20
3408,661
3409,244
3410,20
3411,660
3412,191
3413,42
3414,660
3415,137
3416,59
3417,660
3418,82
3419,105
3420,661
3421,50
3422,152
3423,660
3424,27
3425,244
3426,658
3427,22
3428,320
3429,659
3430,20
3431,406
3432,656
3433,18
3434,423
3435,573
3436,17
3437,568
3438,549
3439,18
3440,604
3441,457
3442,19
3443,660
3444,418
3445,18
3446,661
3447,303
3448,22
3449,660
3450,254
3451,22
3452,660
3453,194
3454,38
3455,661
3456,168
3457,58
3458,661
3459,51
3460,149
3461,660
3462,33
3463,175
3464,660
3465,24
3466,305
3467,661
3468,20
3469,347
3470,660
3471,20
3472,383
3473,660
3474,17
3475,494
3476,556
3477,19
3478,586
3479,542
3480,19
3481,660
3482,412
3483,19
3484,659
3485,362
3486,19
3487,659
3488,329
3489,21
3490,661
3491,193
3492,30
3493,660
3494,179
3495,49
3496,660
3497,64
3498,108
3499,659
3500,54
3501,154
3502,661
3503,32
3504,212
3505,660
3506,24
3507,302
3508,660
3509,19
3510,368
3511,660
3512,21
3513,431
3514,631
3515,18
3516,544
3517,597
3518,18
3519,538
3520,453
3521,19
3522,659
3523,441
3524,20
3525,660
3526,343
3527,20
3528,660
3529,353
3530,19
3531,660
3532,154
3533,24
3534,659
3535,149
3536,79
3537,660
3538,63
3539,114
3540,660
3541,55
3542,160
3543,660
3544,26
3545,232
3546,660
3547,22
3548,323
3549,660
3550,18
3551,392
3552,659
3553,18
3554,478
3555,595
3556,20
3557,519
3558,542
3559,17
3560,588
3561,492
3562,20
3563,658
3564,392
3565,21
3566,659
3567,345
3568,21
3569,660
3570,243
3571,21
3572,660
3573,184
3574,48
3575,661
3576,113
3577,75
3578,660
3579,67
3580,132
3581,661
3582,26
3583,239
3584,659
3585,26
3586,274
3587,660
3588,19
3589,362
3590,660
3591,19
3592,432
3593,634
3594,18
3595,468
3596,558
3597,19
3598,560
3599,535
3600,16
3601,626
3602,462
3603,19
3604,660
3605,344
3606,19
3607,660
3608,295
3609,22
3610,660
3611,198
3612,26
3613,661
3614,162
3615,63
3616,660
3617,102
3618,85
3619,661
3620,36
3621,187
3622,660
3623,29
3624,191
3625,660
3626,24
3627,286
3628,660
3629,20
3630,373
3631,651
3632,19
3633,438
3634,601
3635,19
3636,512
3637,554
3638,19
3639,622
3640,490
3641,17
3642,659
3643,397
3644,21
3645,660
3646,334
3647,19
3648,658
3649,266
3650,24
3651,659
3652,184
3653,23
3654,660
3655,125
3656,74
3657,661
3658,63
3659,116
3660,660
3661,58
3662,175
3663,660
3664,24
3665,211
3666,660
3667,23
3668,322
3669,660
3670,20
3671,408
3672,647
3673,20
3674,507
3675,571
3676,20
3677,532
3678,494
3679,18
3680,637
3681,446
3682,18
3683,660
3684,372
3685,20
3686,661
3687,287
3688,20
3689,660
3690,220
3691,24
3692,660
3693,179
3694,24
3695,660
3696,125
3697,119
3698,661
3699,82
3700,121
3701,660
3702,29
3703,204
3704,659
3705,25
3706,302
3707,660
3708,21
3709,361
3710,660
3711,21
3712,447
3713,598
3714,18
3715,488
3716,557
3717,18
3718,536
3719,488
3720,19
3721,660
3722,416
3723,20
3724,660
3725,326
3726,21
3727,660
3728,267
3729,22
3730,659
3731,196
3732,38
3733,660
3734,170
3735,45
3736,660
3737,85
3738,133
3739,660
3740,43
3741,201
3742,660
3743,33
3744,276
3745,660
3746,24
3747,305
3748,659
3749,24
3750,396
3751,617
3752,21
3753,436
3754,584
3755,20
3756,549
3757,524
3758,22
3759,580
3760,438
3761,20
3762,659
3763,367
3764,22
3765,660
3766,286
3767,26
3768,659
3769,251
3770,42
3771,660
3772,158
3773,75
3774,660
3775,90
3776,121
3777,661
3778,84
3779,176
3780,660
3781,43
3782,213
3783,660
3784,28
3785,269
3786,659
3787,23
3788,331
3789,639
3790,24
3791,434
3792,599
3793,22
3794,507
3795,518
3796,21
3797,548
3798,495
3799,20
3800,638
3801,385
3802,22
3803,660
3804,358
3805,25
3806,660
3807,275
3808,23
3809,659
3810,194
3811,61
3812,660
3813,127
3814,106
3815,659
3816,142
3817,155
3818,660
3819,65
3820,185
3821,659
3822,46
3823,252
3824,659
3825,25
3826,324
3827,641
3828,22
3829,409
3830,591
3831,22
3832,436
3833,541
3834,22
3835,540
3836,451
3837,22
3838,559
3839,438
3840,22
3841,659
3842,355
3843,26
3844,660
3845,332
3846,33
3847,660
3848,242
3849,50
3850,660
3851,172
3852,108
3853,660
3854,133
3855,167
3856,660
3857,142
3858,179
3859,659
3860,53
3861,222
3862,660
3863,41
3864,299
3865,660
3866,25
3867,378
3868,597
3869,26
3870,427
3871,529
3872,26
3873,438
3874,494
3875,23
3876,506
3877,457
3878,23
3879,629
3880,413
3881,24
3882,632
3883,339
3884,54
3885,660
3886,266
3887,76
3888,644
3889,224
3890,88
3891,660
3892,187
3893,130
3894,660
3895,111
3896,182
3897,659
3898,99
3899,207
3900,659
3901,57
3902,320
3903,610
3904,44
3905,350
3906,603
3907,33
3908,398
3909,529
3910,26
3911,468
3912,508
3913,32
3914,506
3915,423
3916,28
3917,554
3918,369
3919,40
3920,585
3921,303
3922,28
3923,660
3924,269
3925,81
3926,653
3927,253
3928,81
3929,660
3930,207
3931,150
3932,659
3933,161
3934,160
3935,651
3936,107
3937,252
3938,659
3939,79
3940,283
3941,608
3942,76
3943,360
3944,566
3945,45
3946,364
3947,532
3948,32
3949,424
3950,506
3951,43
3952,498
3953,427
3954,47
3955,537
3956,375
3957,73
3958,557
3959,318
3960,84
3961,579
3962,279
3963,102
3964,614
3965,258
3966,132
3967,648
3968,252
3969,162
3970,617
3971,190
3972,217
3973,632
3974,148
3975,224
3976,618
3977,121
3978,324
3979,585
3980,97
3981,341
3982,533
3983,56
3984,370
3985,546
3986,59
3987,405
3988,470
3989,69
3990,432
3991,427
3992,90
3993,488
3994,397
3995,97
3996,560
3997,301
3998,110
3999,584
4000,284
4001,120
4002,588
4003,232
4004,160
4005,607
4006,172
4007,190
4008,585
4009,167
4010,192
4011,581
4012,139
4013,282
4014,582
4015,137
4016,320
4017,559
4018,86
4019,321
4020,512
4021,98
4022,393
4023,470
4024,114
4025,391
4026,458
4027,127
4028,479
4029,428
4030,112
4031,436
4032,358
4033,149
4034,531
4035,356
4036,88
4037,558
4038,272
4039,171
4040,551
4041,261
4042,155
4043,576
4044,196
4045,222
4046,562
4047,228
4048,252
4049,521
4050,184
4051,282
4052,551
4053,148
4054,283
4055,521
4056,140
4057,323
4058,493
4059,138
4060,399
4061,471
4062,145
4063,391
4064,439
4065,136
4066,427
4067,380
4068,151
4069,460
4070,358
4071,175
4072,497
4073,331
4074,169
4075,517
4076,306
4077,198
4078,502
4079,269
4080,194
4081,509
4082,228
4083,229
4084,518
4085,242
4086,249
4087,501
4088,222
4089,296
4090,488
4091,213
4092,318
4093,472
4094,173
4095,359
4096,466
4097,157
4098,392
4099,428
4100,167
4101,390
4102,377
4103,154
4104,424
4105,389
4106,168
4107,449
4108,350
4109,195
4110,462
4111,340
4112,181
4113,482
4114,276
4115,212
4116,473
4117,273
4118,219
4119,490
4120,209
4121,276
4122,494
4123,273
4124,264
4125,458
4126,224
4127,298
4128,478
4129,200
4130,336
4131,430
4132,221
4133,375
4134,401
4135,224
4136,382
4137,402
4138,207
4139,384
4140,386
4141,197
4142,408
4143,367
4144,228
4145,457
4146,361
4147,203
4148,462
4149,296
4150,226
4151,490
4152,276
4153,257
4154,455
4155,271
4156,260
4157,426
4158,271
4159,265
4160,458
4161,241
4162,300
4163,444
4164,217
4165,327
4166,412
4167,249
4168,345
4169,412
4170,230
4171,374
4172,376
4173,219
4174,385
4175,370
4176,206
4177,398
4178,346
4179,217
4180,412
4181,342
4182,246
4183,437
4184,345
4185,222
4186,426
4187,297
4188,266
4189,420
4190,314
4191,220
4192,440
4193,284
4194,293
4195,440
4196,245
4197,284
4198,423
4199,278
4200,332
4201,429
4202,209
4203,319
4204,399
4205,247
4206,366
4207,395
4208,258
4209,361
4210,342
4211,262
4212,366
4213,395
4214,226
4215,363
4216,353
4217,252
4218,403
4219,358
4220,233
4221,439
4222,305
4223,246
4224,399
4225,309
4226,246
4227,428
4228,303
4229,256
4230,409
4231,274
4232,316
4233,402
4234,243
4235,298
4236,405
4237,229
4238,330
4239,398
4240,240
4241,337
4242,390
4243,267
4244,335
4245,393
4246,252
4247,356
4248,360
4249,224
4250,403
4251,329
4252,247
4253,397
4254,358
4255,243
4256,398
4257,323
4258,279
4259,412
4260,295
4261,272
4262,422
4263,310
4264,260
4265,420
4266,244
4267,320
4268,400
4269,288
4270,316
4271,403
4272,239
4273,334
4274,403
4275,257
4276,297
4277,356
4278,257
4279,346
4280,378
4281,250
4282,380
4283,349
4284,250
4285,343
4286,337
4287,281
4288,380
4289,333
4290,258
4291,370
4292,373
4293,273
4294,387
4295,318
4296,286
4297,396
4298,316
4299,283
4300,388
4301,291
4302,290
4303,424
4304,294
4305,293
4306,379
4307,279
4308,320
4309,374
4310,239
4311,354
4312,346
4313,252
4314,341
4315,388
4316,297
4317,373
4318,330
4319,263
4320,354
4321,394
4322,279
4323,369
4324,346
4325,239
4326,382
4327,354
4328,270
4329,379
4330,333
4331,255
4332,372
4333,324
4334,282
4335,384
4336,320
4337,268
4338,404
4339,304
4340,310
4341,387
4342,289
4343,308
4344,386
4345,292
4346,326
4347,333
4348,293
4349,313
4350,384
4351,267
4352,342
4353,375
4354,256
4355,362
4356,376
4357,269
4358,340
4359,354
4360,238
4361,371
4362,348
4363,288
4364,368
4365,311
4366,263
4367,390
4368,353
4369,283
4370,388
4371,290
4372,275
4373,383
4374,314
4375,299
4376,357
4377,316
4378,312
4379,375
4380,321
4381,321
4382,382
4383,302
4384,279
4385,364
4386,319
4387,329
4388,381
4389,288
4390,322
4391,380
4392,277
4393,340
4394,355
4395,281
4396,352
4397,354
4398,256
4399,382
4400,355
4401,251
4402,381
4403,349
4404,289
4405,371
4406,307
4407,283
4408,388
4409,312
4410,250
4411,409
4412,314
4413,297
4414,383
4415,318
4416,283
4417,392
4418,311
4419,304
4420,384
4421,291
4422,284
4423,368
4424,293
4425,325
4426,375
4427,297
4428,336
4429,358
4430,285
4431,355
4432,332
4433,273
4434,313
4435,343
4436,268
4437,343
4438,380
4439,265
4440,337
4441,350
4442,270
4443,382
4444,331
4445,271
4446,338
4447,315
4448,301
4449,381
4450,306
4451,283
4452,371
4453,309
4454,318
4455,381
4456,323
4457,297
4458,325
4459,317
4460,319
4461,371
4462,315
4463,328
4464,335
4465,277
4466,327
4467,384
4468,260
4469,337
4470,330
4471,281
4472,362
4473,350
4474,314
4475,336
4476,338
4477,289
4478,349
4479,375
4480,254
4481,377
4482,368
4483,249
4484,368
4485,341
4486,246
4487,337
4488,368
4489,241
4490,369
4491,357
4492,281
4493,328
4494,368
4495,304
4496,378
4497,368
4498,252
4499,354
4500,323
4501,323
4502,363
4503,324
4504,310
4505,329
4506,294
4507,315
4508,375
4509,272
4510,311
4511,364
4512,276
4513,378
4514,360
4515,297
4516,352
4517,352
4518,250
4519,336
4520,353
4521,316
4522,322
4523,341
4524,290
4525,352
4526,359
4527,252
4528,332
4529,369
4530,257
4531,354
4532,328
4533,282
4534,358
4535,353
4536,279
4537,361
4538,334
4539,283
4540,399
4541,320
4542,292
4543,345
4544,332
4545,282
4546,390
4547,297
4548,336
4549,396
4550,245
4551,302
4552,375
4553,293
4554,328
4555,409
4556,279
4557,340
4558,347
4559,295
4560,327
4561,347
4562,307
4563,351
4564,341
4565,286
4566,307
4567,373
4568,266
4569,326
4570,355
4571,269
4572,386
4573,352
4574,292
4575,342
4576,373
4577,287
4578,325
4579,360
4580,269
4581,360
4582,354
4583,299
4584,348
4585,326
4586,304
4587,390
4588,312
4589,324
4590,371
4591,310
4592,287
4593,389
4594,287
4595,293
4596,395
4597,286
4598,306
4599,400
4600,282
4601,314
4602,393
4603,252
4604,348
4605,373
4606,298
4607,321
4608,365
4609,253
4610,344
4611,378
4612,270
4613,320
4614,371
4615,272
4616,343
4617,374
4618,280
4619,336
4620,340
4621,300
4622,341
4623,350
4624,296
4625,404
4626,283
4627,312
4628,359
4629,310
4630,287
4631,417
4632,300
4633,293
4634,391
4635,319
4636,310
4637,405
4638,303
4639,288
4640,422
4641,272
4642,311
4643,363
4644,283
4645,301
4646,387
4647,298
4648,329
4649,368
4650,251
4651,327
4652,395
4653,283
4654,336
4655,377
4656,262
4657,360
4658,350
4659,317
4660,354
4661,340
4662,262
4663,372
4664,329
4665,282
4666,347
4667,335
4668,251
4669,390
4670,311
4671,277
4672,436
4673,306
4674,280
4675,375
4676,303
4677,285
4678,367
4679,291
4680,294
4681,385
4682,299
4683,277
4684,406
4685,299
4686,315
4687,402
4688,274
4689,331
4690,365
4691,268
4692,315
4693,388
4694,281
4695,350
4696,361
4697,259
4698,341
4699,379
4700,299
4701,356
4702,313
4703,280
4704,364
4705,360
4706,272
4707,387
4708,320
4709,286
4710,365
4711,332
4712,286
4713,370
4714,306
4715,289
4716,392
4717,295
4718,289
4719,411
4720,263
4721,305
4722,402
4723,299
4724,294
4725,377
4726,297
4727,288
4728,386
4729,265
4730,326
4731,373
4732,305
4733,337
4734,374
4735,295
4736,348
4737,360
4738,267
4739,354
4740,340
4741,263
4742,355
4743,347
4744,261
4745,389
4746,329
4747,293
4748,363
4749,309
4750,276
4751,392
4752,318
4753,276
4754,389
4755,289
4756,292
4757,399
4758,293
4759,284
4760,384
4761,278
4762,293
4763,402
4764,274
4765,307
4766,349
4767,312
4768,302
4769,392
4770,281
4771,327
4772,387
4773,252
4774,328
4775,372
4776,274
4777,346
4778,345
4779,292
4780,350
4781,359
4782,291
4783,348
4784,355
4785,256
4786,390
4787,338
4788,270
4789,383
4790,312
4791,260
4792,417
4793,299
4794,293
4795,410
4796,292
4797,279
4798,409
4799,272
4800,316
4801,368
4802,257
4803,267
4804,394
4805,306
4806,311
4807,400
4808,271
4809,313
4810,368
4811,296
4812,330
4813,382
4814,272
4815,333
4816,357
4817,285
4818,355
4819,365
4820,269
4821,352
4822,344
4823,287
4824,352
4825,332
4826,295
4827,375
4828,325
4829,296
4830,405
4831,278
4832,316
4833,354
4834,302
4835,299
4836,396
4837,318
4838,319
4839,393
4840,290
4841,316
4842,381
4843,286
4844,289
4845,417
4846,282
4847,314
4848,370
4849,281
4850,309
4851,401
4852,268
4853,344
4854,367
4855,279
4856,349
4857,344
4858,275
4859,331
4860,346
4861,274
4862,379
4863,348
4864,279
4865,364
4866,340
4867,301
4868,358
4869,318
4870,280
4871,404
4872,282
4873,304
4874,386
4875,311
4876,282
4877,380
4878,306
4879,301
4880,386
4881,306
4882,283
4883,401
4884,286
4885,309
4886,394
4887,251
4888,342
4889,370
4890,308
4891,304
4892,363
4893,295
4894,312
4895,353
4896,277
4897,337
4898,370
4899,254
4900,357
4901,353
4902,243
4903,407
4904,342
4905,277
4906,365
4907,319
4908,288
4909,377
4910,331
4911,281
4912,355
4913,339
4914,277
4915,405
4916,327
4917,272
4918,416
4919,281
4920,282
4921,406
4922,314
4923,287
4924,384
4925,264
4926,330
4927,382
4928,316
4929,303
4930,395
4931,259
4932,335
4933,356
4934,282
4935,331
4936,365
4937,289
4938,349
4939,382
4940,255
4941,390
4942,342
4943,261
4944,371
4945,307
4946,275
4947,381
4948,317
4949,272
4950,387
4951,309
4952,294
4953,380
4954,302
4955,312
4956,401
4957,287
4958,252
4959,396
4960,290
4961,289
4962,409
4963,304
4964,267
4965,415
4966,299
4967,315
4968,368
4969,278
4970,303
4971,381
4972,301
4973,335
4974,392
4975,267
4976,327
4977,360
4978,268
4979,373
4980,375
4981,248
4982,358
4983,327
4984,284
4985,384
4986,302
4987,257
4988,395
4989,326
4990,279
4991,383
4992,341
4993,246
4994,419
4995,303
4996,269
4997,416
4998,288
4999,277
5000,405
5001,295
5002,311
5003,383
5004,294
5005,324
5006,388
5007,270
5008,306
5009,398
5010,265
5011,330
5012,401
5013,264
5014,329
5015,401
5016,256
5017,357
5018,380
5019,233
5020,350
5021,346
5022,262
5023,379
5024,363
5025,277
5026,362
5027,338
5028,262
5029,391
5030,327
5031,252
5032,373
5033,310
5034,295
5035,417
5036,301
5037,293
5038,411
5039,290
5040,303
5041,377
5042,284
5043,274
5044,392
5045,266
5046,323
5047,421
5048,264
5049,334
5050,379
5051,272
5052,344
5053,372
5054,266
5055,347
5056,333
5057,274
5058,318
5059,410
5060,257
5061,386
5062,333
5063,229
5064,396
5065,356
5066,264
5067,379
5068,301
5069,263
5070,384
5071,332
5072,289
5073,385
5074,350
5075,244
5076,374
5077,313
5078,314
5079,397
5080,262
5081,293
5082,372
5083,297
5084,317
5085,385
5086,266
5087,307
5088,389
5089,281
5090,341
5091,377
5092,243
5093,333
5094,384
5095,286
5096,352
5097,371
5098,265
5099,328
5100,373
5101,273
5102,362
5103,373
5104,225
5105,360
5106,352
5107,277
5108,380
5109,356
5110,218
5111,388
5112,322
5113,297
5114,369
5115,299
5116,258
5117,373
5118,316
5119,289
5120,421
5121,285
5122,286
5123,368
5124,286
5125,323
5126,414
5127,272
5128,278
5129,371
5130,269
5131,352
5132,390
5133,241
5134,329
5135,346
5136,304
5137,342
5138,368
5139,261
5140,326
5141,342
5142,252
5143,375
5144,343
5145,267
5146,364
5147,351
5148,261
5149,394
5150,341
5151,288
5152,368
5153,327
5154,279
5155,390
5156,295
5157,292
5158,383
5159,326
5160,273
5161,415
5162,304
5163,308
5164,360
5165,266
5166,311
5167,372
5168,285
5169,333
5170,354
5171,279
5172,344
5173,377
5174,293
5175,359
5176,359
5177,229
5178,379
5179,345
5180,282
5181,376
5182,336
5183,265
5184,384
5185,303
5186,262
5187,371
5188,340
5189,235
5190,363
5191,332
5192,245
5193,403
5194,326
5195,274
5196,398
5197,301
5198,296
5199,373
5200,318
5201,278
5202,401
5203,298
5204,298
5205,376
5206,298
5207,323
5208,385
5209,273
5210,358
5211,340
5212,288
5213,343
5214,361
5215,281
5216,326
5217,372
5218,255
5219,381
5220,325
5221,301
5222,371
5223,327
5224,248
5225,354
5226,367
5227,244
5228,401
5229,328
5230,283
5231,371
5232,310
5233,291
5234,372
5235,321
5236,293
5237,373
5238,309
5239,308
5240,379
5241,305
5242,274
5243,370
5244,273
5245,321
5246,394
5247,288
5248,314
5249,360
5250,281
5251,327
5252,362
5253,288
5254,327
5255,338
5256,302
5257,375
5258,379
5259,277
5260,363
5261,346
5262,281
5263,377
5264,327
5265,293
5266,374
5267,294
5268,314
5269,391
5270,303
5271,304
5272,385
5273,295
5274,316
5275,354
5276,307
5277,312
5278,368
5279,299
5280,319
5281,365
5282,270
5283,359
5284,348
5285,306
5286,321
5287,334
5288,317
5289,335
5290,347
5291,343
5292,326
5293,338
5294,295
5295,352
5296,321
5297,287
5298,333
5299,324
5300,308
5301,349
5302,274
5303,318
5304,351
5305,309
5306,328
5307,369
5308,315
5309,297
5310,337
5311,314
5312,305
5313,387
5314,305
5315,301
5316,377
5317,293
5318,330
5319,368
5320,263
5321,338
5322,346
5323,314
5324,312
5325,352
5326,296
5327,342
5328,339
5329,287
5330,371
5331,352
5332,293
5333,321
5334,332
5335,279
5336,367
5337,321
5338,298
5339,347
5340,341
5341,342
5342,349
5343,310
5344,321
5345,341
5346,332
5347,260
5348,371
5349,347
5350,316
5351,357
5352,275
5353,324
5354,348
5355,306
5356,347
5357,357
5358,283
5359,349
5360,329
5361,314
5362,328
5363,357
5364,311
5365,314
5366,343
5367,266
5368,358
5369,341
5370,273
5371,347
5372,348
5373,301
5374,387
5375,318
5376,291
5377,336
5378,347
5379,315
5380,371
5381,306
5382,306
5383,361
5384,307
5385,307
5386,365
5387,302
5388,307
5389,386
5390,291
5391,336
5392,393
5393,306
5394,300
5395,370
5396,298
5397,328
5398,333
5399,290
5400,303
5401,378
5402,313
5403,340
5404,371
5405,266
5406,352
5407,365
5408,285
5409,320
5410,344
5411,299
5412,339
5413,339
5414,319
5415,354
5416,338
5417,296
5418,346
5419,343
5420,301
5421,371
5422,332
5423,280
5424,365
5425,283
5426,338
5427,339
5428,280
5429,318
5430,370
5431,331
5432,298
5433,372
5434,280
5435,319
5436,389
5437,281
5438,326
5439,352
5440,302
5441,316
5442,325
5443,305
5444,325
5445,349
5446,283
5447,336
5448,372
5449,293
5450,355
5451,292
5452,309
5453,356
5454,330
5455,323
5456,346
5457,303
5458,290
5459,361
5460,325
5461,348
5462,359
5463,317
5464,307
5465,355
5466,295
5467,338
5468,309
5469,293
5470,321
5471,353
5472,328
5473,320
5474,376
5475,284
5476,326
5477,385
5478,293
5479,338
5480,313
5481,247
5482,369
5483,338
5484,330
5485,299
5486,342
5487,292
5488,362
5489,358
5490,315
5491,345
5492,323
5493,289
5494,356
5495,357
5496,307
5497,355
5498,289
5499,299
5500,349
5501,359
5502,305
5503,368
5504,294
5505,335
5506,378
5507,346
5508,315
5509,310
5510,310
5511,316
5512,389
5513,188
5514,123
5515,660
5516,580
5517,40
5518,137
5519,239
5520,583
5521,342
5522,487
5523,504
5524,273
5525,112
5526,209
5527,332
5528,494
5529,470
5530,378
5531,87
5532,310
5533,421
5534,315
5535,385
5536,277
5537,330
5538,326
5539,279
5540,197
5541,661
5542,353
5543,244
5544,156
5545,219
5546,453
5547,211
5548,493
5549,314
5550,418
5551,410
5552,79
5553,421
5554,504
5555,253
5556,196
5557,403
5558,404
5559,437
5560,217
5561,195
5562,354
5563,352
5564,400
5565,402
5566,213
5567,283
5568,312
5569,386
5570,328
5571,347
5572,323
5573,270
5574,397
5575,337
5576,328
5577,303
5578,258
5579,315
5580,436
5581,284
5582,398
5583,274
5584,347
5585,451
5586,308
5587,334
5588,304
5589,384
5590,366
5591,389
5592,274
5593,307
5594,274
5595,347
5596,328
5597,360
5598,287
5599,348
5600,331
5601,241
5602,297
5603,346
5604,285
5605,363
5606,370
5607,298
5608,337
5609,334
5610,277
5611,365
5612,325
5613,250
5614,323
5615,413
5616,236
5617,243
5618,412
5619,325
5620,474
5621,344
5622,132
5623,257
5624,278
5625,426
5626,383
5627,247
5628,240
5629,352
5630,386
5631,354
5632,423
5633,399
5634,379
5635,305
5636,161
5637,354
5638,348
5639,295
5640,235
5641,330
5642,238
5643,372
5644,430
5645,255
5646,326
5647,267
5648,290
5649,411
5650,390
5651,300
5652,330
5653,295
5654,307
5655,344
5656,350
5657,287
5658,384
5659,295
5660,323
5661,352
5662,337
5663,326
5664,353
5665,371
5666,244
5667,421
5668,353
5669,332
5670,343
5671,299
5672,222
5673,344
5674,272
5675,445
5676,512
5677,386
5678,251
5679,212
5680,327
5681,244
5682,14
5683,17
5684,660
5685,660
5686,11
5687,533
5688,13
5689,644
5690,577
5691,206
5692,382
5693,463
5694,661
5695,40
5696,78
5697,660
5698,446
5699,382
5700,309
5701,485
5702,488
5703,83
5704,280
5705,421
5706,225
5707,329
5708,546
5709,426
5710,181
5711,213
5712,306
5713,350
5714,405
5715,523
5716,305
5717,273
5718,332
5719,208
5720,423
5721,257
5722,339
5723,387
5724,283
5725,337
5726,309
5727,168
5728,174
5729,661
5730,401
5731,318
5732,179
5733,87
5734,598
5735,661
5736,416
5737,225
5738,152
5739,16
5740,354
5741,358
5742,369
5743,469
5744,450
5745,520
5746,28
5747,88
5748,334
5749,517
5750,383
5751,296
5752,441
5753,255
5754,213
5755,278
5756,255
5757,341
5758,392
5759,429
5760,277
5761,232
5762,306
5763,402
5764,370
5765,128
5766,288
5767,444
5768,289
5769,419
5770,322
5771,229
5772,307
5773,371
5774,297
5775,347
5776,399
5777,288
5778,417
5779,288
5780,271
5781,305
5782,338
5783,229
5784,398
5785,331
5786,207
5787,351
5788,369
5789,308
5790,412
5791,351
5792,279
5793,399
5794,335
5795,321
5796,333
5797,272
5798,284
5799,342
5800,358
5801,327
5802,385
5803,265
5804,259
5805,334
5806,312
5807,361
5808,354
5809,270
5810,295
5811,373
5812,322
5813,346
5814,361
5815,276
5816,336
5817,358
5818,293
5819,402
5820,358
5821,261
5822,365
5823,333
5824,321
5825,363
5826,352
5827,258
5828,338
5829,317
5830,294
5831,332
5832,280
5833,289
5834,374
5835,276
5836,319
5837,400
5838,344
5839,312
5840,370
5841,291
5842,308
5843,378
5844,255
5845,330
5846,364
5847,305
5848,308
5849,351
5850,284
5851,318
5852,358
5853,279
5854,357
5855,318
5856,303
5857,331
5858,338
5859,245
5860,327
5861,328
5862,291
5863,368
5864,313
5865,317
5866,386
5867,344
5868,312
5869,369
5870,324
5871,289
5872,395
5873,312
5874,279
5875,382
5876,322
5877,282
5878,391
5879,280
5880,319
5881,378
5882,309
5883,289
5884,394
5885,302
5886,320
5887,367
5888,318
5889,319
5890,367
5891,307
5892,300
5893,322
5894,291
5895,337
5896,347
5897,271
5898,370
5899,341
5900,283
5901,404
5902,322
5903,283
5904,360
5905,329
5906,279
5907,371
5908,331
5909,257
5910,378
5911,328
5912,267
5913,417
5914,313
5915,290
5916,377
5917,297
5918,306
5919,389
5920,317
5921,295
5922,405
5923,268
5924,351
5925,387
5926,298
5927,323
5928,365
5929,290
5930,318
5931,362
5932,263
5933,354
5934,342
5935,306
5936,353
5937,361
5938,291
5939,362
5940,335
5941,267
5942,334
5943,322
5944,286
5945,374
5946,310
5947,296
5948,389
5949,293
5950,300
5951,398
5952,311
5953,310
5954,366
5955,317
5956,318
5957,399
5958,280
5959,308
5960,376
5961,284
5962,322
5963,387
5964,314
5965,306
5966,327
5967,285
5968,342
5969,404
5970,291
5971,334
5972,378
5973,276
5974,378
5975,371
5976,334
5977,303
5978,317
5979,254
5980,395
5981,346
5982,289
5983,387
5984,304
5985,285
5986,371
5987,344
5988,290
5989,378
5990,281
5991,314
5992,385
5993,362
5994,309
5995,384
5996,311
5997,285
5998,379
5999,320
6000,326
6001,358
6002,274
6003,312
6004,391
6005,290
6006,371
6007,366
6008,253
6009,360
6010,385
6011,307
6012,333
6013,353
6014,299
6015,332
6016,345
6017,260
6018,362
6019,313
6020,295
6021,365
6022,347
6023,272
6024,374
6025,321
6026,256
6027,402
6028,320
6029,290
6030,368
6031,314
6032,288
6033,379
6034,327
6035,304
6036,363
6037,297
6038,300
6039,392
6040,297
6041,308
6042,396
6043,272
6044,327
6045,381
6046,306
6047,329
6048,354
6049,289
6050,350
6051,360
6052,287
6053,336
6054,335
6055,288
6056,359
6057,333
6058,309
6059,316
6060,330
6061,287
6062,386
6063,324
6064,273
6065,346
6066,328
6067,310
6068,392
6069,325
6070,297
6071,351
6072,316
6073,303
6074,374
6075,270
6076,311
6077,353
6078,281
6079,319
6080,408
6081,298
6082,318
6083,371
6084,302
6085,348
6086,350
6087,270
6088,299
6089,375
6090,316
6091,327
6092,344
6093,300
6094,317
6095,341
6096,290
6097,347
6098,321
6099,267
6100,332
6101,334
6102,290
6103,363
6104,328
6105,278
6106,381
6107,303
6108,292
6109,389
6110,356
6111,279
6112,356
6113,318
6114,287
6115,387
6116,312
6117,320
6118,376
6119,310
6120,315
6121,368
6122,303
6123,315
6124,372
6125,293
6126,289
6127,417
6128,293
6129,332
6130,333
6131,287
6132,340
6133,326
6134,282
6135,324
6136,342
6137,291
6138,375
6139,334
6140,289
6141,347
6142,328
6143,335
6144,369
6145,330
6146,309
6147,336
6148,308
6149,307
6150,389
6151,286
6152,305
6153,384
6154,268
6155,327
6156,402
6157,326
6158,308
6159,362
6160,278
6161,289
6162,383
6163,306
6164,310
6165,362
6166,288
6167,316
6168,358
6169,295
6170,329
6171,349
6172,267
6173,344
6174,385
6175,277
6176,358
6177,323
6178,295
6179,383
6180,375
6181,265
6182,344
6183,308
6184,298
6185,387
6186,332
6187,266
6188,339
6189,334
6190,315
6191,399
6192,312
6193,296
6194,359
6195,314
6196,268
6197,402
6198,303
6199,279
6200,378
6201,307
6202,326
6203,388
6204,298
6205,347
6206,348
6207,288
6208,328
6209,367
6210,290
6211,307
6212,359
6213,274
6214,384
6215,346
6216,314
6217,346
6218,330
6219,295
6220,369
6221,326
6222,266
6223,363
6224,311
6225,300
6226,378
6227,362
6228,257
6229,380
6230,300
6231,290
6232,398
6233,298
6234,290
6235,359
6236,308
6237,334
6238,403
6239,312
6240,309
6241,370
6242,286
6243,317
6244,415
6245,279
6246,312
6247,387
6248,336
6249,332
6250,357
6251,274
6252,338
6253,333
6254,291
6255,313
6256,340
6257,309
6258,335
6259,319
6260,302
6261,381
6262,342
6263,286
6264,358
6265,330
6266,278
6267,360
6268,325
6269,284
6270,374
6271,284
6272,286
6273,395
6274,316
6275,327
6276,373
6277,303
6278,301
6279,383
6280,317
6281,283
6282,346
6283,273
6284,320
6285,392
6286,319
6287,340
6288,364
6289,279
6290,323
6291,383
6292,280
6293,323
6294,345
6295,279
6296,360
6297,360
6298,298
6299,361
6300,316
6301,291
6302,376
6303,332
6304,291
6305,366
6306,311
6307,283
6308,369
6309,350
6310,298
6311,365
6312,310
6313,286
6314,402
6315,296
6316,288
6317,357
6318,295
6319,294
6320,412
6321,296
6322,292
6323,368
6324,298
6325,307
6326,403
6327,309
6328,321
6329,373
6330,267
6331,326
6332,373
6333,299
6334,339
6335,329
6336,280
6337,346
6338,355
6339,310
6340,339
6341,316
6342,286
6343,349
6344,344
6345,329
6346,367
6347,353
6348,300
6349,413
6350,293
6351,302
6352,383
6353,302
6354,319
6355,355
6356,326
6357,307
6358,366
6359,321
6360,295
6361,398
6362,286
6363,303
6364,383
6365,252
6366,359
6367,342
6368,272
6369,311
6370,378
6371,295
6372,339
6373,355
6374,317
6375,337
6376,363
6377,266
6378,328
6379,346
6380,308
6381,374
6382,337
6383,276
6384,353
6385,318
6386,300
6387,389
6388,297
6389,266
6390,368
6391,294
6392,305
6393,377
6394,321
6395,267
6396,399
6397,293
6398,320
6399,417
6400,271
6401,325
6402,387
6403,255
6404,324
6405,362
6406,290
6407,319
6408,384
6409,274
6410,354
6411,335
6412,276
6413,368
6414,344
6415,246
6416,341
6417,346
6418,294
6419,356
6420,331
6421,285
6422,348
6423,340
6424,313
6425,330
6426,320
6427,301
6428,360
6429,331
6430,299
6431,391
6432,312
6433,294
6434,379
6435,332
6436,293
6437,360
6438,324
6439,286
6440,371
6441,318
6442,310
6443,360
6444,279
6445,317
6446,374
6447,312
6448,334
6449,349
6450,279
6451,317
6452,380
6453,283
6454,351
6455,354
6456,285
6457,333
6458,354
6459,305
6460,350
6461,342
6462,274
6463,347
6464,321
6465,321
6466,368
6467,321
6468,268
6469,397
6470,312
6471,288
6472,340
6473,283
6474,311
6475,362
6476,300
6477,313
6478,352
6479,308
6480,311
6481,410
6482,315
6483,328
6484,358
6485,289
6486,332
6487,373
6488,291
6489,319
6490,325
6491,283
6492,306
6493,399
6494,291
6495,341
6496,312
6497,260
6498,360
6499,342
6500,298
6501,329
6502,313
6503,311
6504,370
6505,330
6506,289
6507,382
6508,307
6509,313
6510,368
6511,286
6512,281
6513,355
6514,313
6515,310
6516,340
6517,276
6518,326
6519,410
6520,270
6521,324
6522,412
6523,296
6524,303
6525,349
6526,318
6527,332
6528,377
6529,277
6530,324
6531,345
6532,254
6533,344
6534,345
6535,288
6536,343
6537,315
6538,286
6539,352
6540,322
6541,324
6542,357
6543,293
6544,304
6545,365
6546,325
6547,317
6548,367
6549,282
6550,290
6551,386
6552,301
6553,297
6554,382
6555,278
6556,322
6557,381
6558,282
6559,323
6560,402
6561,296
6562,318
6563,374
6564,310
6565,304
6566,368
6567,290
6568,322
6569,354
6570,310
6571,349
6572,357
6573,259
6574,352
6575,345
6576,291
6577,328
6578,356
6579,264
6580,355
6581,313
6582,287
6583,349
6584,321
6585,279
6586,355
6587,319
6588,299
6589,382
6590,316
6591,296
6592,389
6593,292
6594,309
6595,391
6596,306
6597,277
6598,374
6599,278
6600,311
6601,383
6602,314
6603,313
6604,378
6605,292
6606,310
6607,386
6608,275
6609,300
6610,359
6611,277
6612,329
6613,352
6614,316
6615,331
6616,356
6617,264
6618,373
6619,331
6620,307
6621,347
6622,324
6623,283
6624,365
6625,315
6626,303
6627,378
6628,314
6629,290
6630,366
6631,321
6632,291
6633,384
6634,265
6635,310
6636,386
6637,311
6638,320
6639,382
6640,278
6641,329
6642,353
6643,308
6644,315
6645,364
6646,268
6647,326
6648,356
6649,285
6650,337
6651,357
6652,291
6653,320
6654,370
6655,291
6656,365
6657,327
6658,296
6659,347
6660,351
6661,301
6662,352
6663,341
6664,288
6665,373
6666,321
6667,274
6668,364
6669,307
6670,302
6671,386
6672,298
6673,310
6674,387
6675,293
6676,318
6677,354
6678,320
6679,303
6680,378
6681,290
6682,310
6683,374
6684,306
6685,338
6686,347
6687,274
6688,334
6689,359
6690,300
6691,325
6692,342
6693,294
6694,343
6695,322
6696,294
6697,380
6698,324
6699,275
6700,373
6701,309
6702,306
6703,399
6704,346
6705,276
6706,373
6707,320
6708,305
6709,390
6710,317
6711,304
6712,366
6713,319
6714,276
6715,400
6716,326
6717,282
6718,395
6719,282
6720,286
6721,379
6722,301
6723,316
6724,392
6725,283
6726,332
6727,360
6728,275
6729,343
6730,340
6731,258
6732,351
6733,323
6734,285
6735,361
6736,358
6737,288
6738,334
6739,364
6740,283
6741,363
6742,324
6743,276
6744,352
6745,330
6746,285
6747,374
6748,306
6749,296
6750,370
6751,318
6752,315
6753,394
6754,323
6755,286
6756,367
6757,305
6758,296
6759,357
6760,312
6761,320
6762,367
6763,290
6764,330
6765,370
6766,285
6767,309
6768,338
6769,288
6770,330
6771,381
6772,270
6773,363
6774,310
6775,312
6776,362
6777,352
6778,304
6779,319
6780,339
6781,305
6782,357
6783,331
6784,290
6785,385
6786,327
6787,304
6788,374
6789,318
6790,299
6791,371
6792,295
6793,280
6794,390
6795,323
6796,300
6797,399
6798,304
6799,337
6800,352
6801,278
6802,342
6803,362
6804,266
6805,309
6806,354
6807,291
6808,339
6809,323
6810,304
6811,338
6812,363
6813,286
6814,371
6815,349
6816,264
6817,346
6818,351
6819,291
6820,354
6821,337
6822,273
6823,353
6824,303
6825,305
6826,404
6827,327
6828,273
6829,374
6830,281
6831,324
6832,402
6833,308
6834,301
6835,372
6836,292
6837,357
6838,361
6839,317
6840,298
6841,371
6842,272
6843,329
6844,365
6845,264
6846,331
6847,365
6848,259
6849,404
6850,328
6851,280
6852,325
6853,363
6854,273
6855,367
6856,347
6857,276
6858,347
6859,332
6860,294
6861,360
6862,336
6863,270
6864,378
6865,318
6866,304
6867,371
6868,318
6869,291
6870,347
6871,318
6872,300
6873,427
6874,289
6875,299
6876,362
6877,293
6878,287
6879,396
6880,285
6881,312
6882,370
6883,281
6884,340
6885,398
6886,290
6887,332
6888,352
6889,272
6890,328
6891,371
6892,274
6893,339
6894,336
6895,289
6896,358
6897,374
6898,279
6899,356
6900,311
6901,290
6902,373
6903,327
6904,299
6905,347
6906,329
6907,291
6908,353
6909,315
6910,291
6911,385
6912,280
6913,314
6914,390
6915,281
6916,304
6917,383
6918,302
6919,308
6920,389
6921,314
6922,309
6923,387
6924,285
6925,314
6926,366
6927,267
6928,347
6929,392
6930,255
6931,334
6932,374
6933,307
6934,332
6935,332
6936,262
6937,343
6938,328
6939,282
6940,367
6941,354
6942,266
6943,388
6944,320
6945,291
6946,380
6947,301
6948,283
6949,394
6950,293
6951,301
6952,380
6953,307
6954,309
6955,417
6956,290
6957,296
6958,410
6959,292
6960,342
6961,366
6962,275
6963,294
6964,389
6965,284
6966,360
6967,354
6968,292
6969,305
6970,395
6971,289
6972,336
6973,368
6974,271
6975,330
6976,350
6977,261
6978,370
6979,319
6980,293
6981,355
6982,331
6983,285
6984,373
6985,339
6986,290
6987,377
6988,306
6989,317
6990,358
6991,318
6992,286
6993,386
6994,315
6995,306
6996,378
6997,287
6998,309
6999,407
7000,296
7001,292
7002,372
7003,304
7004,329
7005,373
7006,301
7007,313
7008,352
7009,327
7010,338
7011,353
7012,287
7013,339
7014,356
7015,275
7016,380
7017,332
7018,301
7019,328
7020,293
7021,299
7022,356
7023,333
7024,263
7025,366
7026,341
7027,303
7028,400
7029,313
7030,272
7031,388
7032,303
7033,332
7034,401
7035,309
7036,278
7037,366
7038,282
7039,299
7040,397
7041,301
7042,291
7043,398
7044,270
7045,328
7046,364
7047,278
7048,312
7049,365
7050,304
7051,326
7052,338
7053,292
7054,351
7055,337
7056,310
7057,348
7058,346
7059,264
7060,372
7061,291
7062,286
7063,381
7064,326
7065,298
7066,406
7067,293
7068,303
7069,355
7070,329
7071,308
7072,337
7073,313
7074,306
7075,391
7076,319
7077,324
7078,371
7079,279
7080,299
7081,399
7082,280
7083,329
7084,368
7085,283
7086,303
7087,361
7088,323
7089,337
7090,362
7091,246
7092,351
7093,357
7094,277
7095,372
7096,341
7097,247
7098,386
7099,343
7100,304
7101,357
7102,314
7103,289
7104,409
7105,314
7106,285
7107,395
7108,318
7109,265
7110,379
7111,306
7112,297
7113,395
7114,279
7115,285
7116,391
7117,296
7118,308
7119,362
7120,271
7121,305
7122,392
7123,286
7124,325
7125,364
7126,287
7127,330
7128,378
7129,280
7130,346
7131,349
7132,253
7133,327
7134,315
7135,312
7136,365
7137,340
7138,253
7139,374
7140,339
7141,292
7142,386
7143,318
7144,253
7145,388
7146,301
7147,276
7148,410
7149,304
7150,287
7151,387
7152,307
7153,294
7154,402
7155,317
7156,263
7157,379
7158,320
7159,304
7160,376
7161,290
7162,312
7163,391
7164,289
7165,345
7166,374
7167,273
7168,295
7169,360
7170,306
7171,331
7172,338
7173,291
7174,338
7175,386
7176,305
7177,342
7178,352
7179,251
7180,369
7181,343
7182,279
7183,390
7184,295
7185,264
7186,387
7187,313
7188,337
7189,373
7190,287
7191,275
7192,389
7193,335
7194,301
7195,388
7196,285
7197,288
7198,397
7199,314
7200,308
7201,359
7202,295
7203,311
7204,367
7205,273
7206,339
7207,351
7208,261
7209,327
7210,388
7211,299
7212,355
7213,345
7214,248
7215,340
7216,359
7217,289
7218,322
7219,333
7220,262
7221,351
7222,339
7223,322
7224,374
7225,300
7226,308
7227,363
7228,304
7229,295
7230,379
7231,303
7232,302
7233,371
7234,275
7235,320
7236,389
7237,289
7238,320
7239,387
7240,276
7241,309
7242,358
7243,340
7244,315
7245,384
7246,299
7247,302
7248,379
7249,323
7250,341
7251,357
7252,254
7253,337
7254,352
7255,292
7256,351
7257,340
7258,299
7259,344
7260,369
7261,263
7262,388
7263,335
7264,264
7265,403
7266,314
7267,285
7268,392
7269,323
7270,302
7271,366
7272,328
7273,295
7274,389
7275,286
7276,286
7277,386
7278,317
7279,318
7280,362
7281,280
7282,313
7283,372
7284,320
7285,316
7286,380
7287,314
7288,333
7289,372
7290,269
7291,330
7292,377
7293,301
7294,350
7295,329
7296,250
7297,373
7298,367
7299,263
7300,357
7301,303
7302,290
7303,371
7304,329
7305,309
7306,385
7307,337
7308,266
7309,381
7310,328
7311,296
7312,391
7313,306
7314,267
7315,357
7316,293
7317,323
7318,357
7319,315
7320,298
7321,397
7322,295
7323,313
7324,385
7325,295
7326,328
7327,349
7328,271
7329,314
7330,382
7331,287
7332,344
7333,338
7334,307
7335,353
7336,320
7337,295
7338,328
7339,346
7340,239
7341,371
7342,334
7343,290
7344,393
7345,312
7346,254
7347,397
7348,340
7349,290
7350,372
7351,325
7352,265
7353,392
7354,317
7355,293
7356,393
7357,308
7358,318
7359,415
7360,302
7361,299
7362,359
7363,289
7364,319
7365,376
7366,293
7367,321
7368,364
7369,287
7370,322
7371,375
7372,282
7373,343
7374,366
7375,280
7376,341
7377,368
7378,278
7379,358
7380,327
7381,304
7382,356
7383,338
7384,272
7385,363
7386,345
7387,294
7388,344
7389,322
7390,276
7391,397
7392,307
7393,310
7394,369
7395,315
7396,285
7397,372
7398,281
7399,320
7400,367
7401,287
7402,293
7403,382
7404,319
7405,337
7406,383
7407,249
7408,343
7409,390
7410,271
7411,346
7412,355
7413,265
7414,315
7415,354
7416,294
7417,348
7418,363
7419,260
7420,383
7421,342
7422,290
7423,345
7424,333
7425,267
7426,360
7427,294
7428,296
7429,388
7430,274
7431,307
