25
290
660
25
373
601
26
407
615
22
470
496
19
505
500
22
598
396
22
660
363
23
660
257
26
661
178
55
660
162
103
658
137
138
659
56
179
660
44
265
660
26
301
658
24
403
633
21
408
573
20
573
549
21
554
432
20
660
417
23
616
299
22
660
274
54
661
189
69
660
192
94
661
82
149
661
67
181
660
44
282
660
23
348
660
23
398
645
22
428
567
18
554
512
20
552
400
21
660
381
21
660
299
27
660
236
68
661
166
56
660
121
146
659
46
198
660
41
274
661
23
279
659
24
366
645
22
427
608
21
465
529
21
542
482
22
569
406
22
660
385
23
659
243
23
661
226
81
660
96
106
660
99
149
661
37
175
660
50
249
660
23
331
658
28
390
600
21
413
584
21
493
480
21
539
505
22
594
351
24
660
326
25
660
245
32
661
188
108
661
120
102
659
89
139
660
32
234
661
36
287
660
24
297
640
22
396
648
21
448
565
22
531
506
23
544
376
22
660
361
23
660
279
26
660
243
63
660
133
81
661
127
141
660
75
169
660
38
232
660
31
274
660
24
349
655
21
433
596
22
467
555
21
551
458
22
625
393
25
661
358
22
660
284
24
660
215
33
660
132
114
659
122
166
661
53
196
660
31
249
660
31
315
660
21
380
632
22
465
554
20
500
517
20
588
463
20
643
384
22
660
301
22
659
261
26
659
192
69
660
146
95
661
76
168
660
55
194
661
32
306
660
29
315
625
22
392
585
22
470
564
20
503
527
21
580
455
21
660
349
23
660
320
24
660
204
45
660
202
75
661
91
116
660
108
187
660
33
235
660
42
284
653
23
337
626
25
427
573
19
464
528
22
533
451
21
630
398
21
660
305
29
660
327
42
659
192
48
660
150
89
660
73
128
660
72
206
660
29
236
660
30
315
660
25
335
625
21
485
581
20
484
527
20
572
467
23
647
378
22
659
318
25
660
242
25
660
169
63
660
124
114
661
80
140
660
51
229
661
30
269
661
26
359
656
21
388
588
21
506
533
21
526
448
23
650
456
20
634
352
22
660
262
27
660
207
59
660
183
88
660
117
124
660
69
189
659
68
257
661
28
276
659
26
316
653
21
421
595
22
512
524
19
503
492
21
629
387
21
660
327
23
660
277
26
659
210
83
661
176
83
661
114
170
660
71
182
660
38
246
660
23
332
634
30
400
613
20
443
574
24
536
479
19
555
483
21
636
372
21
660
359
24
660
224
28
660
195
66
660
139
101
660
70
172
660
63
218
661
26
307
659
32
314
657
21
383
618
22
451
548
23
556
516
21
572
421
27
643
345
23
660
323
23
661
235
33
660
154
63
660
124
91
660
83
205
660
54
240
660
35
317
655
24
351
638
22
416
604
20
484
547
22
533
466
22
642
383
25
660
304
23
661
318
29
660
177
42
659
166
78
660
102
153
660
83
199
660
31
255
659
28
337
645
24
380
619
20
456
564
21
488
529
20
514
470
21
657
402
21
661
297
24
659
241
24
660
194
67
661
145
114
660
79
184
661
50
231
659
40
295
660
26
337
657
22
386
603
21
455
533
20
565
520
19
580
439
22
660
353
22
660
280
39
660
227
38
660
185
85
660
104
106
660
77
188
660
52
249
660
28
335
659
22
326
647
24
409
592
22
461
549
21
517
461
21
656
435
22
655
327
22
660
317
50
660
224
36
661
164
122
659
90
144
660
81
234
660
40
239
661
25
312
660
25
383
596
23
449
584
23
479
487
22
563
463
22
658
405
22
661
287
27
659
214
40
660
210
58
661
142
121
661
91
150
661
87
235
660
41
285
660
30
325
659
21
376
605
21
483
557
21
507
501
22
572
429
22
660
392
23
660
272
33
660
240
58
660
150
92
660
133
96
660
51
180
659
64
241
659
30
290
659
33
334
625
22
401
604
22
483
571
20
513
500
20
604
394
23
659
324
22
660
279
26
660
209
71
660
151
93
660
110
140
661
77
180
659
47
276
660
26
332
637
23
407
630
23
432
551
22
508
532
20
573
433
21
659
401
22
660
329
24
659
250
43
659
198
54
660
119
104
661
81
143
660
38
225
660
32
269
660
25
331
655
28
424
610
21
424
526
26
536
501
21
565
436
22
660
373
22
607
326
26
661
213
49
660
189
92
661
110
100
661
95
179
660
47
237
660
38
296
660
29
331
652
22
408
610
21
480
537
23
572
465
21
557
392
22
661
331
23
659
247
42
660
190
83
659
103
94
660
79
137
659
55
189
661
51
263
660
27
299
651
24
401
638
24
421
559
21
508
519
21
530
435
21
660
389
23
660
317
22
660
239
38
661
151
104
660
132
117
660
82
170
659
53
202
660
30
284
654
24
330
649
23
401
627
22
454
544
23
454
526
22
574
427
21
661
365
32
660
270
24
660
240
34
661
151
75
660
119
137
660
62
156
660
47
228
661
29
312
660
26
336
635
22
398
575
23
471
561
23
523
514
21
620
412
22
660
362
23
660
269
28
660
240
81
660
160
57
661
114
138
660
46
189
661
41
256
659
29
293
660
26
373
599
23
453
575
22
506
510
24
546
434
23
649
388
21
661
362
26
660
211
41
661
160
50
661
129
88
660
86
182
660
45
193
660
41
264
660
26
324
639
25
406
607
22
404
531
23
533
476
22
542
426
23
659
408
22
660
292
25
661
219
43
661
186
51
660
124
119
661
67
157
660
53
228
660
33
289
660
24
339
659
25
414
575
21
460
541
21
546
468
21
619
414
22
655
316
23
660
267
26
660
246
79
661
146
69
660
121
144
660
41
203
661
30
265
659
27
302
614
25
396
616
21
435
542
21
521
532
21
543
453
22
660
384
24
659
330
24
660
251
24
660
190
60
660
99
82
660
111
211
660
39
219
660
33
306
660
28
336
627
24
419
629
23
400
524
21
579
527
21
568
421
21
660
396
25
660
305
21
661
246
48
661
168
42
660
125
129
660
58
154
659
71
239
660
28
291
661
27
397
619
22
397
562
22
502
528
20
556
505
22
653
403
22
626
348
27
661
267
23
660
219
73
660
139
71
660
108
152
660
52
179
660
43
261
660
31
309
655
23
372
628
24
408
549
21
478
518
20
554
472
21
609
344
22
660
325
37
660
263
46
660
192
68
659
126
116
661
99
191
661
59
229
660
30
242
660
27
335
650
23
409
607
21
472
546
22
524
462
19
610
437
22
660
343
23
660
319
24
661
194
38
661
186
100
660
113
107
660
85
185
661
36
203
661
55
285
660
26
343
635
24
416
585
20
440
560
20
532
502
21
594
436
20
661
318
22
660
267
28
660
214
72
661
210
97
660
117
134
660
65
178
661
36
229
660
36
321
659
30
349
632
21
459
565
22
502
521
21
565
441
20
609
390
22
660
342
25
660
263
31
660
199
41
660
125
95
660
93
161
660
64
202
660
31
279
659
30
321
611
29
394
616
23
462
572
22
513
509
20
550
424
23
612
366
22
660
285
42
660
233
26
660
184
91
660
129
94
660
66
161
659
62
222
659
31
291
659
34
319
639
23
400
587
22
460
515
20
533
475
25
660
415
24
659
362
21
661
284
24
661
231
63
660
166
111
661
132
120
660
61
165
660
40
253
660
29
301
652
24
384
632
22
429
577
21
497
521
21
599
468
22
660
386
21
657
294
24
661
277
27
660
174
61
661
142
104
660
90
165
661
69
217
660
48
249
659
27
329
655
22
398
571
22
455
588
22
515
485
20
556
447
21
660
395
21
660
324
24
660
264
36
660
156
75
660
120
121
661
58
199
661
55
242
660
30
273
659
24
356
620
22
440
578
21
479
519
19
510
513
23
596
403
21
660
350
32
660
253
25
661
238
81
661
160
83
661
128
116
660
39
195
660
32
251
659
33
294
660
26
341
636
22
438
572
21
507
516
20
605
472
21
564
380
21
659
341
22
659
285
43
660
189
65
660
148
118
660
80
146
661
39
220
660
34
254
651
28
330
647
25
383
603
21
493
586
22
506
498
20
578
405
21
661
380
21
660
296
27
659
231
32
660
141
85
660
120
125
660
97
141
660
52
226
661
31
285
659
24
349
640
22
397
596
22
470
561
20
513
479
22
608
404
24
659
365
26
660
288
32
660
247
45
660
150
68
660
122
158
659
39
163
660
46
265
660
23
278
660
25
418
644
22
405
560
22
527
514
21
515
473
20
661
402
22
658
352
23
660
274
24
660
240
82
661
141
84
661
98
180
660
45
197
660
32
298
660
33
308
628
25
429
603
22
440
549
22
519
530
22
563
417
20
659
367
24
660
278
24
660
248
32
661
170
76
661
132
148
660
86
158
660
47
241
660
30
295
654
26
370
643
24
381
572
21
463
533
25
492
490
21
616
422
22
660
382
21
660
318
23
660
203
55
661
181
75
660
106
148
660
77
166
660
44
266
659
33
306
640
26
405
609
23
446
561
22
464
524
20
554
452
19
618
422
23
660
324
31
660
239
30
660
202
76
661
162
99
660
67
138
661
38
224
660
58
285
660
27
323
628
23
396
599
21
446
551
20
520
516
21
587
407
23
643
350
25
660
302
22
660
254
47
660
173
64
660
103
124
660
82
157
660
46
237
660
38
282
660
28
334
642
22
413
634
23
491
529
21
571
461
21
624
409
20
635
385
22
660
272
22
659
209
59
661
159
80
659
110
170
661
53
163
660
27
269
659
27
334
627
26
388
637
24
437
565
21
514
544
22
545
443
21
620
424
24
632
359
21
660
226
27
660
167
82
660
131
121
660
92
170
660
45
206
660
28
301
660
31
333
660
22
393
620
21
428
566
19
509
532
22
579
437
23
626
385
22
661
293
24
661
245
37
661
184
118
660
100
106
660
76
186
661
49
232
660
33
301
659
25
336
632
21
439
601
21
477
557
20
530
476
20
593
385
24
657
333
22
660
298
61
661
189
32
660
193
90
660
84
123
660
81
239
659
27
221
660
29
348
658
23
385
629
23
455
568
21
478
488
19
562
483
20
600
412
22
659
336
24
660
245
26
661
191
70
660
113
143
660
95
153
660
35
196
660
34
284
660
25
339
618
25
395
590
21
468
563
22
489
479
22
626
449
26
659
346
25
660
303
26
661
232
56
660
172
104
659
91
118
661
70
182
661
53
220
660
27
272
659
28
349
598
22
412
619
24
493
529
21
485
523
26
533
351
22
660
347
24
660
268
54
660
204
77
661
156
86
661
96
169
661
71
187
660
52
257
659
24
326
659
27
372
599
20
451
622
20
487
518
20
573
441
21
649
371
24
660
343
25
660
255
25
659
179
66
659
163
131
660
70
155
661
40
239
661
28
289
659
28
361
651
23
398
596
20
437
557
19
500
506
22
565
464
21
660
391
25
630
348
22
660
243
24
660
157
82
660
143
126
660
56
197
660
49
216
660
31
274
658
25
307
649
22
391
609
22
466
524
20
547
495
22
592
409
20
648
349
24
661
264
30
660
228
52
661
153
69
660
79
136
660
51
181
660
72
241
660
26
319
660
27
363
627
19
451
576
24
519
504
20
531
465
24
648
387
23
660
339
26
659
284
36
661
203
60
659
128
110
660
96
170
660
59
181
660
31
254
660
24
322
660
22
383
631
22
443
559
20
515
521
21
635
418
22
625
388
25
659
261
29
660
226
89
660
187
80
660
136
134
659
66
154
660
39
274
660
27
263
661
28
353
660
22
393
558
22
486
565
21
478
461
22
601
441
23
634
321
25
660
285
25
661
227
81
660
176
58
659
117
130
661
70
161
660
48
290
661
27
297
626
25
400
616
25
403
612
21
508
564
21
553
440
21
635
421
23
661
287
30
660
302
38
661
142
71
660
169
99
660
76
169
661
53
226
660
37
275
660
25
322
598
26
400
634
22
409
562
19
564
491
22
563
442
22
653
400
22
660
296
21
661
257
26
661
167
76
659
116
128
660
70
172
661
40
249
660
36
296
660
26
336
628
23
448
580
21
466
534
24
526
495
21
620
427
21
660
373
26
654
275
54
660
221
69
660
158
109
660
91
123
659
83
194
660
43
219
661
34
331
641
27
332
642
25
436
559
21
481
533
23
518
485
20
613
395
21
661
326
25
659
243
54
660
207
89
660
114
114
660
103
197
660
69
223
660
49
290
660
27
296
657
23
408
608
23
400
569
20
506
505
20
624
411
24
641
385
26
659
314
27
661
211
37
660
169
67
659
134
113
660
78
176
660
34
238
660
34
296
658
25
370
659
23
410
615
19
452
543
20
504
484
24
615
444
22
656
339
28
660
273
29
660
195
61
661
155
103
659
90
149
660
74
175
661
32
246
660
45
309
660
24
368
602
22
419
596
20
468
523
21
544
463
21
576
394
23
661
331
24
660
282
40
660
179
47
660
144
107
661
93
149
660
42
212
660
39
274
660
27
341
659
21
390
610
23
441
547
21
494
521
22
574
416
21
650
377
23
660
287
27
660
253
59
660
161
47
659
132
128
660
92
167
661
53
215
659
33
291
659
28
359
644
21
395
585
23
467
521
21
517
492
21
591
416
23
660
350
29
660
253
26
660
213
80
660
195
54
660
96
152
660
82
183
660
66
225
660
32
327
660
28
350
627
22
411
585
22
484
515
20
564
433
21
600
411
22
634
367
24
660
266
59
660
223
57
660
141
95
661
95
152
659
61
203
661
48
253
660
28
341
644
24
383
583
22
463
557
23
498
493
21
560
413
23
648
363
26
647
314
27
660
249
39
661
190
79
660
149
114
661
55
179
660
82
218
660
24
294
660
27
338
627
25
412
600
20
440
535
21
491
487
22
588
441
22
660
339
29
660
281
27
659
235
59
660
168
103
660
139
137
659
72
181
661
40
258
660
27
320
660
24
399
627
23
388
582
20
504
536
19
526
454
23
656
405
22
661
294
25
660
276
26
660
174
67
660
160
111
660
75
157
661
68
233
660
33
287
660
28
294
660
22
379
594
23
452
529
19
514
539
21
549
427
22
630
376
25
660
260
33
661
246
69
660
176
62
661
159
135
661
76
165
659
69
240
661
36
268
652
32
329
642
24
418
576
22
459
528
24
506
462
21
620
424
21
660
368
26
660
255
57
659
198
44
661
169
91
659
81
164
659
80
214
661
29
248
660
27
308
659
26
366
638
21
460
544
21
500
523
24
572
434
23
641
410
23
659
324
22
660
270
39
660
204
65
659
130
119
660
94
116
660
54
199
661
31
267
658
35
314
656
21
385
587
22
454
552
20
500
496
23
627
444
20
606
364
26
661
296
23
661
232
89
660
203
59
660
104
168
660
84
173
660
51
251
660
32
275
659
24
371
649
21
376
598
23
496
540
20
513
492
21
585
427
21
632
333
37
661
268
28
660
240
60
661
190
68
661
109
149
660
67
196
660
38
249
661
24
338
659
24
368
616
24
409
604
20
456
503
20
534
494
21
624
379
22
660
352
23
660
265
27
661
213
75
660
143
68
660
120
139
660
66
183
661
29
266
661
25
338
660
21
379
639
21
410
577
21
509
539
19
569
453
22
608
412
21
660
287
24
661
273
41
661
198
55
660
116
95
660
102
160
660
45
207
660
32
272
660
24
336
622
23
413
609
22
465
549
23
539
511
21
642
398
23
658
340
21
661
283
32
660
199
25
659
182
81
660
123
98
661
88
167
660
43
205
658
45
284
660
25
368
642
21
448
622
23
468
524
21
538
470
26
556
426
24
660
342
25
659
251
24
660
183
96
660
110
122
661
102
181
659
71
211
660
40
275
659
25
339
660
26
372
613
24
440
577
23
502
486
22
528
450
27
626
380
22
660
340
28
661
255
50
660
197
98
660
129
154
660
82
160
660
41
231
660
29
288
658
26
338
627
23
401
598
23
441
566
26
532
478
24
637
404
21
659
337
23
659
278
28
659
199
65
660
152
117
660
115
140
660
78
240
660
39
252
657
29
322
646
25
374
586
21
451
571
25
475
495
23
518
448
25
619
367
24
660
345
28
661
249
59
660
189
50
660
158
155
660
144
146
660
64
226
659
44
260
660
27
355
650
24
416
546
23
449
538
22
522
454
25
535
463
21
655
363
22
661
302
75
660
220
56
659
169
125
660
120
160
661
74
223
659
40
256
642
38
340
597
35
390
588
28
403
533
26
498
497
28
521
421
25
603
359
57
599
311
49
660
259
90
661
188
108
661
170
155
660
108
223
658
60
239
639
41
324
604
44
335
587
36
416
575
27
427
500
32
528
446
43
516
364
37
612
327
63
585
294
89
651
232
113
660
150
194
622
134
188
640
100
277
632
84
294
571
70
343
544
35
412
514
50
451
490
28
501
447
56
532
396
75
553
315
105
610
271
130
620
231
157
621
192
199
630
162
213
620
115
271
570
125
289
550
83
343
539
65
375
528
92
459
436
108
478
407
97
519
380
133
571
281
151
541
279
162
603
194
188
578
171
245
581
167
233
571
134
274
577
104
325
517
118
366
497
123
396
453
122
411
442
144
449
359
121
523
323
164
519
310
178
547
239
169
555
239
237
559
175
294
528
187
307
533
155
315
518
161
354
483
123
373
442
152
417
406
146
446
320
186
456
343
160
523
313
213
521
258
190
499
236
244
535
171
210
490
258
351
533
156
283
447
179
345
461
178
372
429
144
427
430
185
445
351
187
467
358
226
473
270
218
468
286
239
483
221
216
483
249
281
461
248
298
485
190
317
454
194
330
440
149
355
405
195
423
438
172
416
378
191
440
361
159
478
296
227
477
288
223
465
249
233
486
241
275
430
244
311
474
192
320
454
214
354
435
199
400
397
197
368
384
214
401
386
188
430
335
214
457
325
204
484
305
229
466
282
246
463
246
274
468
232
275
473
229
290
443
201
332
424
233
335
424
192
348
398
231
363
397
222
398
347
198
416
343
208
443
306
232
454
298
251
461
281
222
439
298
272
423
224
277
426
248
328
396
232
307
377
244
330
404
244
393
398
233
403
389
234
387
353
230
395
343
248
407
339
236
426
326
236
444
286
250
432
267
278
413
285
298
445
286
284
433
253
290
425
246
341
401
248
348
397
221
380
404
230
386
337
270
400
341
238
382
350
230
406
341
227
400
304
242
440
289
259
415
291
301
412
310
302
426
282
289
400
270
336
393
256
327
380
246
334
390
238
380
354
256
387
375
259
364
333
228
384
365
263
373
310
229
412
306
290
417
292
275
415
315
281
416
302
280
400
293
288
393
310
292
378
272
316
398
245
331
366
275
362
392
247
358
381
245
336
358
283
361
344
265
385
336
258
380
323
208
415
328
288
392
320
276
424
331
273
401
269
300
394
296
340
377
242
319
399
275
353
391
251
326
373
284
362
374
282
359
376
274
389
351
232
371
332
263
403
333
261
428
345
266
396
321
277
397
291
278
419
278
316
395
285
339
361
267
338
388
301
295
381
253
352
404
247
357
371
253
358
354
249
374
333
261
390
357
261
388
348
270
396
316
262
420
316
276
405
304
304
405
310
297
401
277
304
378
286
349
377
250
346
352
238
400
390
228
349
368
249
377
394
277
363
364
231
408
353
252
368
288
249
405
324
290
401
308
286
418
302
294
372
284
301
408
231
307
389
291
337
401
284
351
349
243
363
385
258
356
369
249
390
369
282
354
338
269
357
322
245
389
320
290
389
339
286
404
296
287
393
291
282
414
288
314
411
259
303
400
250
336
382
234
361
404
291
348
382
246
336
343
253
385
349
218
381
305
298
416
321
271
392
305
277
414
296
297
385
302
307
415
278
302
372
294
279
420
270
303
404
245
325
383
254
343
384
269
364
366
228
363
336
250
415
354
264
349
332
291
396
310
266
377
314
268
431
289
283
417
278
295
378
290
319
391
281
321
395
272
345
398
251
360
388
249
356
377
259
371
358
236
383
388
252
374
344
234
383
332
283
390
319
268
382
317
306
387
268
265
382
302
319
402
278
282
435
293
317
410
241
329
397
239
346
384
263
313
365
276
387
374
216
358
377
260
390
328
243
389
344
288
396
323
240
394
321
304
418
259
293
387
283
320
416
269
312
399
273
307
393
295
324
383
265
351
377
266
355
361
264
366
352
229
391
357
241
376
345
273
406
338
276
375
308
277
377
303
295
406
282
314
370
300
299
400
263
294
377
263
339
407
260
325
388
270
375
400
221
341
349
239
391
358
274
392
363
241
397
350
240
390
318
262
390
303
269
403
293
306
408
270
293
425
293
316
390
300
288
402
263
303
374
242
345
385
263
363
357
259
389
355
259
364
368
274
354
340
236
377
354
271
417
314
254
355
328
305
424
296
289
397
292
283
407
283
303
390
277
321
414
288
299
410
262
338
348
253
356
381
230
351
335
281
373
375
265
388
352
228
396
354
251
389
317
282
414
312
276
390
309
290
431
277
286
411
287
309
391
273
310
385
270
362
380
264
333
395
253
381
369
238
352
342
271
419
333
241
366
353
276
387
305
273
400
328
290
367
335
247
373
309
306
397
288
314
408
277
333
380
274
316
378
277
334
385
263
349
391
255
339
399
248
364
335
267
379
351
247
375
345
248
404
340
257
385
299
266
398
280
295
396
283
303
403
299
320
417
237
301
397
269
339
371
272
350
367
271
354
398
248
340
365
236
378
377
278
386
336
278
390
333
263
370
297
243
434
311
263
396
289
313
389
276
295
378
285
323
413
273
315
383
288
328
438
234
339
362
215
381
364
255
371
358
248
391
377
252
367
328
260
399
363
267
373
338
260
406
320
241
420
274
276
434
291
277
440
254
311
401
272
308
379
275
320
427
250
326
394
256
365
384
250
392
341
247
376
370
257
362
347
259
385
336
255
386
307
256
403
300
295
405
321
275
416
299
297
419
289
279
388
273
334
408
275
329
379
236
350
395
292
360
333
210
351
388
262
398
337
251
386
369
265
394
293
248
406
325
271
415
289
296
431
294
281
385
283
310
418
261
342
381
283
348
383
236
360
349
246
354
346
263
364
381
238
371
350
274
372
320
254
398
319
279
418
329
251
406
301
263
427
289
289
365
262
287
405
310
294
429
244
314
409
277
328
377
245
358
370
283
397
367
279
368
349
251
368
352
247
353
359
282
391
357
278
449
294
261
414
300
299
422
296
279
372
298
316
424
267
266
395
256
338
420
255
350
352
283
362
380
243
344
339
253
365
354
264
338
391
266
374
331
272
375
318
267
411
277
245
408
319
284
418
298
264
405
267
301
390
274
278
420
275
315
403
252
322
387
245
342
346
246
362
362
230
387
387
266
378
350
251
366
363
249
395
323
246
372
358
255
428
293
265
417
275
278
432
262
307
431
266
288
403
275
313
407
225
337
408
254
372
406
264
382
362
217
372
366
232
394
346
245
369
333
238
430
322
261
381
284
282
398
297
279
392
277
291
430
285
304
382
265
306
379
264
329
398
229
352
416
229
386
392
248
343
365
229
397
349
236
405
345
235
399
337
268
403
298
287
387
279
280
411
303
251
421
269
304
417
246
316
399
256
350
401
236
347
368
226
352
400
247
370
370
208
366
400
261
391
336
226
373
345
270
382
302
277
409
291
264
392
307
267
399
267
290
420
246
310
418
242
340
394
236
368
425
193
325
392
250
357
382
218
382
361
254
392
339
258
395
320
231
400
327
269
390
335
265
412
264
313
390
283
298
413
266
303
404
255
327
370
220
355
391
250
347
386
248
358
362
216
402
371
226
376
325
268
388
354
255
378
320
242
399
351
253
390
277
272
414
297
322
386
282
315
386
270
316
374
251
340
401
266
338
399
207
383
393
251
355
333
227
399
387
231
387
331
236
430
341
284
417
301
270
379
324
287
411
282
299
378
291
332
378
247
316
397
247
316
405
254
326
400
237
350
397
241
382
359
247
358
362
247
380
347
230
394
345
234
406
354
229
383
324
289
384
317
285
387
297
298
398
262
295
370
271
351
414
274
349
389
240
358
368
254
327
384
252
395
373
215
371
387
250
401
343
232
386
349
265
408
344
291
383
289
314
372
295
304
369
272
300
411
286
316
422
264
317
400
264
312
381
270
330
391
260
344
379
245
377
365
234
354
363
252
371
356
251
370
341
290
403
292
266
414
292
280
432
282
293
384
286
320
398
293
295
395
251
342
392
223
333
403
274
334
358
269
353
381
258
373
317
251
393
331
293
405
314
244
382
318
298
412
274
242
408
309
309
390
298
294
367
307
294
402
303
281
391
271
335
407
258
329
371
247
377
377
238
371
351
266
419
344
262
383
335
246
374
331
262
373
317
285
396
314
296
400
285
282
391
298
306
388
315
313
384
268
312
365
291
339
396
218
334
392
260
368
384
237
387
358
234
416
375
256
414
325
275
401
312
270
387
322
284
373
299
291
406
284
319
387
283
294
404
303
333
370
294
327
393
292
361
364
256
352
381
247
356
354
256
366
351
239
404
355
233
402
339
256
403
330
265
406
324
265
392
305
284
410
307
275
402
252
333
391
263
293
381
273
332
383
279
352
385
235
361
382
256
368
375
283
356
371
214
409
374
224
406
324
252
394
328
270
367
325
299
415
286
294
375
257
331
394
277
315
404
258
321
400
266
312
350
233
344
376
226
359
385
264
389
362
251
391
334
250
379
349
257
389
330
254
415
309
278
369
283
351
374
310
293
398
273
295
414
275
312
408
256
340
435
230
336
380
230
371
350
237
361
366
248
346
367
259
386
374
247
387
363
218
398
324
267
383
306
291
384
317
311
390
309
316
379
277
327
383
253
330
379
256
344
368
277
353
383
242
357
358
239
368
355
261
382
349
241
353
353
261
394
316
285
360
331
275
386
320
264
357
301
325
418
259
287
377
294
326
427
254
304
415
240
369
357
253
349
348
254
361
383
238
349
359
243
382
343
242
352
327
273
415
327
284
340
343
312
379
270
284
390
313
311
405
246
323
375
287
325
413
256
305
396
261
356
370
251
367
372
270
348
344
235
368
364
249
397
339
252
393
342
260
377
312
270
404
323
290
392
284
306
402
302
290
383
270
300
390
304
340
389
233
320
412
251
357
360
244
370
336
268
366
364
219
378
366
263
376
361
267
390
300
270
389
321
260
401
333
290
404
279
314
401
266
308
395
257
292
395
295
318
397
263
320
391
259
366
403
239
348
367
251
376
370
277
357
344
254
394
367
251
368
345
271
384
323
319
360
300
258
419
304
303
394
237
325
401
280
321
420
263
295
368
258
347
383
222
352
385
259
346
387
222
399
351
239
355
350
271
387
370
261
370
329
293
390
342
284
401
281
301
399
299
277
393
256
305
405
255
331
376
257
332
396
244
333
388
262
360
395
226
368
373
267
363
368
237
367
359
232
400
354
244
386
340
257
420
303
263
384
288
293
417
309
300
374
271
312
412
264
324
382
272
331
396
267
327
370
260
362
338
266
374
387
272
387
346
250
377
348
235
387
323
245
408
296
281
402
298
300
387
291
316
387
287
294
426
266
308
374
312
341
380
256
315
382
285
319
361
262
338
358
275
336
329
304
312
325
333
337
317
312
350
344
309
351
315
312
318
363
331
318
312
343
341
345
333
320
320
339
331
351
318
315
342
331
316
326
347
316
348
278
347
337
335
321
325
323
351
341
294
336
327
331
307
321
328
345
330
343
345
348
309
293
323
337
316
351
310
343
345
345
317
320
346
315
318
294
320
338
308
334
324
317
339
364
321
338
332
323
320
315
333
349
336
333
320
355
316
326
352
320
319
316
344
326
338
326
327
330
280
338
305
325
342
305
335
349
318
332
345
332
304
322
340
323
321
308
315
313
349
324
327
339
339
324
343
337
307
323
326
334
325
324
321
338
360
331
360
309
312
312
341
307
335
335
334
328
328
350
332
337
296
335
360
334
334
350
350
322
296
339
313
363
315
302
324
315
338
315
337
308
339
345
314
339
340
292
329
342
330
338
336
345
306
338
325
318
327
298
322
317
360
309
322
320
344
328
341
316
336
329
328
346
341
340
321
335
297
346
321
335
305
321
324
348
332
322
359
315
335
324
357
351
325
317
324
335
328
353
322
334
322
334
319
361
334
331
307
342
305
353
341
353
322
332
322
320
336
340
280
334
332
320
315
325
325
335
335
345
323
316
316
336
335
374
319
323
354
334
363
350
303
300
296
323
343
307
342
311
316
348
323
350
328
304
323
329
315
352
314
351
327
363
333
312
343
333
321
353
326
314
315
349
320
352
345
330
304
343
327
350
296
353
332
341
325
332
349
313
326
300
327
326
346
343
316
303
354
308
345
340
315
311
306
327
340
320
335
303
340
328
331
316
329
326
327
319
307
372
322
336
317
311
321
326
307
321
320
318
343
304
328
352
314
311
347
310
316
316
354
316
326
337
325
332
358
328
320
359
306
335
317
317
357
289
324
327
332
324
343
352
348
322
301
318
318
358
327
332
303
341
340
331
326
336
298
317
321
331
329
317
337
327
312
352
347
315
311
338
329
317
341
336
343
303
335
334
324
326
312
325
326
319
345
320
315
345
324
365
315
336
345
329
341
330
352
313
322
318
333
340
310
321
311
279
339
333
361
337
336
333
324
341
302
333
320
308
336
319
351
352
340
286
360
304
332
331
333
294
352
337
315
328
344
350
325
342
330
340
308
322
305
336
324
328
308
343
340
332
329
331
345
327
340
320
339
303
312
351
334
307
372
316
322
322
313
284
336
321
341
327
323
304
321
318
354
304
325
303
316
365
358
327
321
330
316
351
336
307
326
331
309
326
366
307
348
333
349
326
361
321
308
313
330
324
298
381
291
346
355
210
22
660
660
250
123
24
358
353
380
199
514
660
34
200
289
477
419
306
299
322
469
328
375
25
98
661
661
388
75
28
366
432
530
327
272
212
257
281
292
609
352
296
330
298
288
339
443
297
287
392
431
402
271
209
333
337
413
336
344
264
359
293
282
345
382
316
300
306
239
397
399
283
317
317
330
365
328
292
304
335
345
361
327
308
357
284
343
304
318
313
337
336
317
353
347
342
319
307
325
332
322
316
283
351
336
311
332
320
340
332
320
338
283
365
326
329
315
322
337
350
319
337
292
327
332
359
338
321
313
325
344
364
345
331
307
322
295
356
349
301
338
321
348
326
327
315
332
316
333
362
457
459
231
216
143
253
532
438
345
196
192
111
489
408
557
334
211
320
304
370
304
290
296
251
468
411
209
205
296
405
399
285
264
333
397
405
321
244
360
422
268
245
365
401
330
277
285
384
448
329
254
301
311
307
375
338
353
309
310
344
377
324
314
341
334
302
307
341
362
331
277
289
334
328
356
339
283
327
339
375
298
336
307
339
315
295
316
373
298
343
311
341
327
343
320
314
351
332
352
295
307
336
322
342
314
337
323
332
330
352
345
297
355
317
310
362
325
321
313
308
337
312
353
329
324
330
311
327
341
325
326
331
339
345
344
328
329
366
326
325
337
287
325
309
348
308
315
325
334
389
352
339
260
242
380
353
337
300
313
330
376
395
271
336
316
334
375
337
319
322
339
348
295
390
291
307
404
274
329
339
265
472
327
320
9
291
661
660
6
601
660
8
13
315
660
293
9
450
214
661
184
230
561
658
20
23
498
16
111
210
661
338
528
16
202
350
369
498
204
462
641
497
467
304
315
158
266
413
344
301
280
383
201
98
255
423
599
359
266
256
311
200
97
372
659
413
95
312
191
261
392
350
512
592
488
174
502
111
172
660
288
161
252
200
415
204
409
335
337
334
579
460
196
20
227
481
525
530
287
235
201
375
455
259
277
323
410
395
379
179
253
359
328
377
262
361
234
498
337
258
318
178
396
371
297
416
76
170
332
335
450
438
416
332
315
257
328
257
313
324
339
299
361
321
429
245
299
291
284
448
389
255
274
276
227
361
406
438
336
294
277
329
356
379
289
341
310
379
362
296
261
288
343
339
355
388
334
301
321
293
367
327
316
323
339
292
331
309
289
369
352
332
311
319
351
335
361
323
317
329
334
356
343
315
302
330
307
335
332
370
362
301
309
335
328
357
335
311
343
316
345
329
309
341
323
332
337
321
308
331
336
325
337
318
326
335
316
355
339
341
289
319
371
319
321
328
318
310
320
347
320
306
305
316
324
305
345
337
333
344
324
341
291
323
330
309
315
305
333
327
328
354
316
318
317
320
328
326
315
329
328
328
345
347
322
330
313
304
338
361
328
299
351
328
324
312
330
316
309
317
337
354
320
334
351
330
342
334
327
328
285
314
339
319
335
319
325
341
345
320
322
334
311
352
344
323
332
335
321
315
343
341
344
335
295
322
335
353
321
326
330
349
331
349
326
327
310
321
315
351
304
325
290
341
347
333
353
370
310
330
342
306
338
330
306
338
315
337
354
330
322
344
294
334
348
331
340
324
303
331
337
313
336
309
330
321
326
332
309
338
339
359
323
361
305
330
316
349
343
309
325
334
313
354
342
325
333
305
314
283
321
337
301
343
336
306
350
336
354
326
298
325
315
325
343
362
324
331
310
302
333
357
315
325
327
308
315
347
330
298
334
286
311
353
312
338
328
320
346
330
323
314
356
334
336
338
325
334
320
346
307
307
325
326
314
331
336
339
317
311
331
321
338
323
324
337
307
328
332
320
288
332
344
355
315
325
348
332
336
320
316
325
332
308
322
347
327
333
316
316
350
329
352
308
308
343
318
353
330
312
327
321
345
335
354
312
301
303
347
322
349
320
319
326
348
361
342
325
325
309
327
326
347
328
340
339
317
355
320
326
314
323
327
357
330
311
327
311
357
329
321
306
318
315
339
322
321
343
346
322
318
348
297
330
313
330
333
304
362
317
344
336
348
323
357
322
311
310
328
341
342
313
329
348
328
350
328
343
333
317
353
315
318
329
323
309
312
341
308
350
301
323
315
336
336
325
341
345
303
342
344
330
344
318
333
330
329
299
342
329
348
313
345
350
312
334
318
361
335
298
318
316
345
305
329
347
318
301
339
334
326
339
336
296
332
359
324
333
318
309
321
324
309
314
341
339
318
311
341
305
348
314
313
325
302
311
328
332
326
333
346
294
348
318
312
321
330
339
320
325
334
298
359
322
342
317
326
335
332
317
340
324
355
354
336
344
336
312
328
326
315
325
341
336
316
343
329
349
320
322
329
322
312
319
328
327
337
318
312
350
339
296
344
334
329
317
326
318
317
335
329
291
328
328
320
317
336
307
331
350
320
343
323
310
323
351
297
319
316
308
277
345
342
346
348
304
331
341
339
312
329
339
330
307
339
297
335
341
322
317
306
360
316
325
314
317
348
334
342
313
350
311
321
332
323
314
334
351
326
332
306
337
343
324
316
312
307
341
324
353
322
360
314
323
353
315
315
322
316
331
306
323
307
335
325
351
327
332
338
330
319
336
332
340
318
336
335
360
327
344
297
327
333
326
355
310
331
315
365
320
321
323
325
313
317
368
307
335
331
322
360
309
332
346
314
301
313
340
326
302
370
303
325
323
314
326
324
306
333
341
321
327
359
303
342
322
317
312
332
342
338
327
351
305
338
319
292
344
308
336
300
328
357
283
350
307
331
310
299
325
328
334
333
325
329
322
339
329
309
322
316
335
341
343
314
292
331
330
328
295
336
359
336
332
339
331
343
311
319
321
323
318
323
307
326
369
316
339
329
329
329
309
324
309
328
311
334
334
329
321
315
320
316
323
327
307
313
343
327
342
307
343
304
305
328
300
339
324
331
324
345
330
320
346
298
302
305
330
322
332
286
325
329
335
318
313
318
319
316
322
294
328
292
356
315
312
331
338
320
324
351
321
320
298
309
345
339
338
312
357
329
326
321
313
319
338
354
323
323
339
322
332
354
321
320
312
337
324
345
319
322
339
301
357
334
344
304
293
335
340
343
316
317
344
334
350
338
307
348
321
337
322
308
331
343
322
359
354
323
311
303
317
304
350
307
329
326
328
355
338
338
316
314
307
335
328
336
330
318
322
328
337
317
331
299
319
340
300
357
347
291
353
337
308
339
353
321
345
303
327
327
333
338
308
333
314
347
314
308
338
335
329
333
315
332
327
349
332
337
317
280
329
328
291
355
324
332
335
330
332
310
314
320
347
323
344
355
340
335
361
318
318
297
330
336
333
326
289
354
326
348
342
348
328
327
349
328
323
329
330
318
319
350
325
332
321
302
358
315
319
321
324
339
335
352
340
328
352
336
327
327
329
339
338
319
324
347
315
325
319
338
351
343
315
314
345
328
324
327
327
337
287
325
296
335
338
305
315
317
310
317
335
329
334
305
310
336
344
341
347
310
304
322
355
339
333
322
312
314
361
340
322
337
304
310
331
359
358
291
337
336
318
313
344
317
340
309
361
298
335
325
299
349
334
321
322
317
311
336
324
339
322
321
325
338
304
322
339
305
336
340
322
343
327
332
340
310
309
366
294
323
327
313
333
334
340
331
340
295
313
326
331
369
354
311
302
312
384
288
339
334
298
297
348
329
348
326
309
331
315
346
324
332
301
300
319
354
326
333
347
306
317
329
336
309
321
345
306
323
322
324
347
302
329
348
327
332
317
314
296
356
338
308
305
338
335
329
325
335
289
332
309
344
301
328
336
317
332
354
337
325
334
333
336
335
319
333
321
319
343
336
338
332
342
318
305
342
363
304
328
342
300
336
343
316
330
286
326
350
311
352
361
314
335
335
337
322
360
322
321
317
320
337
330
351
300
336
326
345
338
328
313
314
329
327
309
346
318
304
332
351
341
341
317
332
347
308
326
341
328
323
310
342
347
308
339
321
334
345
333
339
337
314
288
342
368
327
301
350
312
331
343
380
316
295
324
315
326
338
284
330
302
311
337
354
312
317
348
324
323
334
299
335
326
326
296
332
339
333
339
365
296
323
346
326
332
320
329
307
341
326
335
349
309
313
325
332
324
314
336
329
339
317
338
329
323
301
309
342
329
316
315
333
352
325
333
303
307
345
330
302
331
333
324
323
337
340
338
321
336
328
329
349
316
312
297
335
339
366
338
346
328
343
309
303
295
315
316
315
358
344
338
331
318
317
318
349
324
293
328
331
363
329
338
306
327
301
315
366
330
301
322
330
365
340
351
295
341
330
299
342
319
317
324
326
354
319
336
345
302
328
322
343
321
318
322
325
343
312
307
324
335
304
332
330
301
326
337
294
346
330
311
332
327
343
300
338
312
319
342
323
317
327
289
331
331
327
334
306
314
339
332
331
333
320
354
328
340
376
314
310
325
348
346
312
345
310
330
336
355
329
334
340
316
333
339
